            256
     6.98864372
  -1.8139654401   -2.3710915557   -2.0793934036
   2.9300645133   -1.8720944596   -1.7839272990
   2.9736210994   -1.6060227121    2.9163829450
   0.1813465147    0.3428367859   -2.9075577971
   1.4424947637   -2.6957106927    1.9653314484
  -2.9156549267   -1.2817766891    1.1415460964
  -1.0772447849    3.3281122469    0.8962506071
  -0.2378767917   -0.1564783233   -0.9417994457
   0.3630122307   -1.5524271319   -1.8743531542
  -1.0454037004    2.3844096303   -0.9222491762
  -3.3841015910   -1.9593597880    0.2514909973
  -3.3511188414   -1.2653338397   -1.1492491924
  -1.4582941671   -2.5919008310    0.2679197091
  -2.8290504640   -2.3381948753    1.6653690054
  -1.3876074543   -1.1804085022   -2.4428529073
  -3.3784625746   -0.1853035911    1.6994433841
   3.3791804301   -3.0227282511   -1.8689517827
   3.2714744149    3.1428573421    2.1642971945
   1.0138915829   -3.0213855730   -0.3070160586
  -2.5890257562    1.6752658825   -2.4453126671
   2.4248305646   -0.3431021266    0.0662205333
   1.9649513974   -0.8475158828    1.0336710697
   2.7582721694   -1.7982546915   -0.7239795485
  -1.8191636461    3.1954125049   -1.3120113522
   2.9894385205   -1.7668098407    1.5679481595
   2.0131839742    0.6010138651    0.9434213788
   2.6223619559    1.6196881804   -2.3910628432
   0.5039405822    1.3486649150   -1.9028536795
   2.1552627278   -0.8464997642    2.8593803017
  -3.4365993730   -2.4314288883   -0.6810999684
   0.7504276642    0.7050556577    0.6882739672
  -1.9699112481    0.8841583110   -1.2541911870
  -3.2618945676   -1.1429933514   -2.1624852314
   0.3761213094    1.0362717744    3.0844590317
  -1.7681911752    1.6438316956   -0.4990374877
   3.1916091019    2.0043604731   -3.2108076651
  -2.9124156181    2.5997466745   -3.1909092526
  -2.4596520751   -0.4059931376    2.3532141479
  -0.6742020210    2.2376255795    0.8923721281
  -0.5393935715   -2.8461100961    0.1457202915
   2.8032135035    0.7219831167   -1.0146810272
   3.3178604770   -2.7243255669    2.2654569683
  -0.4807378425    1.2502784365    1.1297444590
  -2.4686275893    1.1776184276    1.7878939071
  -0.8770323437   -2.1216783863    1.0802009909
  -2.5043030766   -2.4176165733    0.6171747652
   3.1083199594   -0.9083974022    1.1345674633
  -3.3068146748   -1.1664996269    2.0199423835
  -1.6854222517    3.0093088382    2.6700673815
  -0.0944683999    2.4458178699   -1.1960039701
   3.2413207605    2.7436817954   -2.2715036851
   2.2226885351    3.4798580620   -2.7101030424
   0.3803036014   -2.1177851942    1.1481537106
  -1.3378195988    3.2697045754   -0.1613611183
  -2.9780879365   -2.1530280690   -2.4474742918
  -0.4197006862    0.6871745851   -1.7244755812
   0.8505504287    1.7443053077    2.2590945958
  -3.3532486220   -1.0761539973   -3.3799524832
  -1.2229116843   -1.8957333996   -3.2239936814
   2.2335896542    2.3207825561    0.5678908612
   1.4631436183   -0.0961760716    0.4952618606
  -1.7064915082   -2.9558384744    1.3762707559
  -1.2460333119    2.7218081385    1.7513852100
  -3.0725390689   -0.2219843431   -1.6648217699
  -2.0034316426   -0.6652486763    1.2182949263
  -2.9450574184    1.3554798891   -3.4074081392
  -0.0904137066    3.0447154874   -2.2687274565
  -0.6467821410    1.8831174274   -2.6940831766
   3.2615973809   -0.9535297714    0.0192639895
   0.3433919723   -2.2726630285    0.1449666477
   1.3003001258   -3.1747304480   -2.4284291183
  -0.6267850583   -1.7467498503    0.0835304333
  -2.6758864279   -3.2945579874   -0.6627949350
  -1.6403821901   -1.5696873151    0.4928920017
  -0.4258373775    1.1081072145    2.3054629452
  -2.5431889223   -1.2695365743   -0.1254180969
   2.6133148753    3.3301904613    0.1179490025
  -2.0894653568    1.9908835022   -1.4775783177
  -2.8968301076   -0.3988839694    0.5330667888
  -0.3942587633   -1.9031939214    2.0015080949
  -1.9274210782    0.9362500330   -3.1251570342
  -1.6031898779   -2.5974909126    2.3131015213
  -1.3907382496    1.2435933745    3.0457759633
   2.4019793506    2.5620083089   -3.3328514959
   0.4068533405   -2.9046927738   -2.9551723999
   3.2698366874   -3.1670342624   -3.0493933220
   2.1709409622    1.5650327487   -1.0364995941
   0.2497196665   -1.4680001155    2.8819878858
   3.4587176796    1.1764129626    1.2439665019
  -0.1779792161   -0.0615700632    2.9726236911
  -0.7485921296   -1.9932198964   -2.1869790619
  -2.1020338905   -1.5037294797   -1.3701452992
   1.2941556729   -1.6103129043    1.2310702416
   2.7356199442   -0.7869694043   -2.3662036526
   1.0388072270   -0.8387455150    3.1061295304
   3.2666813601    3.0232496879    1.0786971191
  -0.5583744855    1.7357661549    3.2789770375
  -1.0101160231    2.6636971721   -1.9354656712
  -1.3035985594   -0.0223542287    3.1769986510
  -2.5230768715    0.5247712040   -0.3448112730
  -1.8806724248   -1.7429592074    1.5198722090
   2.1192444392   -1.6762632977    2.0493220348
  -0.2103048714   -2.5538051351   -0.9727576683
  -3.0062773369    1.8294462594    2.5399132074
  -1.3488130372   -0.5439563174    2.1668111315
  -1.9315694330    1.8436263338    2.2931370374
   0.6513914115   -3.0512036557    3.0990417510
  -1.4940064372    0.8939571129    1.8832693006
  -0.3510573547   -0.7662600830    2.1063487449
  -1.0782999784   -0.4074603714   -1.4718846456
  -1.1919583113    0.0653325989   -2.5954507984
   0.7843417996    3.0253082567   -3.0467736517
   2.2858354857   -3.3816326657   -1.7759806433
   1.9867778825   -1.4289411426   -1.3269061082
   1.7624836563    2.3519977828   -0.4594606524
  -2.2886476778    2.6936568137   -0.4237023442
  -0.5428685406   -2.3375549918    3.0121566469
  -3.2849707673    2.3914925919    1.6896799617
  -0.6864165799    1.8283053564   -0.0345952534
  -0.6121776365   -1.4595281595   -1.3482205460
  -0.6675596078    3.4425665252   -1.0485101106
  -2.9422329816    1.2020983040   -1.5548927018
   0.3534863227    1.9972758526    1.2628488140
   1.2144090120    1.1199131680   -0.8571967723
   1.2075286087    1.6830536987   -3.0965999476
   0.9018833060   -1.6106871329   -3.2370417655
  -2.2657806453   -2.4524375561    3.1981644444
  -2.6255632460   -3.0088015276   -2.8065020388
   1.4326688332   -0.7466370086   -0.2622016940
   1.0724418026    3.4092064812    2.3428055123
   2.0686812323   -3.3896595124    3.0950397781
  -0.2120750793    2.3900537156    2.3759047103
   2.6493814926   -2.5619168369    3.3956009892
  -2.0797489187   -0.6343378837   -3.4700870170
  -3.3990985766    0.9763969304   -2.3929956755
   3.0505594697   -3.3928051784   -0.8377656227
  -2.9100031847   -3.3294923199    1.3588004558
  -2.2975819611   -3.4553032440    0.3421433863
   1.0022842534   -2.4101334477   -1.7180202087
   1.2215480829    0.5486999519   -2.8217756662
  -3.4056926064    2.1055576993    0.5287626356
  -2.9007473789   -1.6511454319    2.9457375412
   2.8255920141    2.2626059901   -0.3131712478
  -3.0185139114    1.6716421994   -0.5953672260
  -0.8454298536   -3.1609444131   -2.4315206526
   1.0625973020    0.2488766076    3.1134352260
   1.7897058060   -0.0286565621   -0.9377270693
  -0.9678194080   -1.0961111327    3.0197810214
  -1.6357950142    3.0042526866   -2.6301767828
  -0.8704646972   -0.5736267445   -0.1231450141
   1.6230705842   -2.6432349098   -3.1742444879
   2.5945447324    0.4267567831   -2.5222556554
   1.4653278924   -0.3983432007    2.1810107387
   2.9688788011   -0.0449625720   -3.3135718189
   2.4451952775    2.6313820675   -1.2790126454
  -2.3839236465    1.4718148686    0.5127716361
  -2.2590104573   -1.7225921551   -3.0393090494
   1.8344156978   -0.1889453354   -3.3983127933
   0.0360546567   -1.0105317240    1.1216028490
  -0.4756104626   -3.4148730723   -3.4940502211
  -0.6273754210    0.1022517679    1.4650629811
  -0.0163137473    1.2173544379   -0.6545384659
   2.0007761611    0.6165946188    2.8425436063
  -0.9494682636    0.9107682075   -0.7804314947
   0.5752057917    0.0985884624   -1.5494937855
   2.2246355642    2.9139325135    2.3390417053
   1.4336109028    0.9499635334   -1.8291065241
   1.4015875004    1.7140346087    0.2880085988
   2.9994924190   -1.7516316076   -3.0474398779
  -3.3193382915   -2.5181555175    3.3218717219
   0.7718110475    2.3477750364   -2.2354123338
  -0.2590192741    0.6553699097    0.2170622045
   0.6168705264   -1.1516412630    1.9611658795
   1.3687884718   -1.4647995743   -2.1792790298
  -2.5930947611    0.5247209430    0.8066205832
   2.7010082720    0.9558229972    1.9946074465
   0.7528534815    3.2237407671    1.2031258278
  -1.4124828977   -2.9108539164    3.4881862494
  -1.3904739061    0.6495030078    0.6917584084
   0.1010397070    1.2993033348   -2.8763903349
   1.8291175619    1.8691430578    2.6530201348
  -0.8997467184    0.8292729091   -3.1795094335
   1.4025576621    2.8103689225   -1.4654164166
  -1.6860095312    2.2521216805    3.4795362562
  -0.0497863320   -3.3347262020    2.2776199526
   2.8405780103    1.3704751807    0.3683728698
   1.6875595829    3.3659376149   -0.6456368797
   1.9829025941   -2.5362921856   -1.0349996766
   1.5229375930    0.5636749338    1.8776948619
   0.5953492226   -0.6474025090   -2.6919388592
  -0.8057647301    2.7512312464   -3.0540492584
  -2.4950237528    2.5437067837    1.0176612518
   0.2523243937   -1.4208972994   -0.5628486070
  -2.4766153588   -2.8627251664   -1.5426099989
  -1.3144293896   -2.6844689957   -1.1853515473
  -2.3509027013    3.3995620972    3.3131469828
   0.4696777943    3.3194752526   -1.0714029972
   2.0734999935    2.4426219136   -2.2050795407
  -2.0867500032   -0.5910692430   -0.8214063654
   2.7192949888    1.9057753016    1.4758541624
   2.8307524424    1.7696155605    2.7652732459
   2.4892647380   -0.2896737463    1.7090055990
   0.1169839713   -2.9155464992   -1.8890158177
   3.0835113504    0.2204144127    0.8821247332
   3.3827970437    0.6591142896   -0.1320262414
   1.3342886313   -2.0019901479    2.8691703083
  -2.6210792799    2.8966181406    2.3334752386
   0.7687938323    2.7967270395    0.0080190426
   2.3501925784   -3.4908648563    1.6057030519
  -1.6776369944    2.4448801320    0.3214063997
  -1.4733148986   -1.4789540579   -0.5448753755
   1.5244144544   -2.9118249088    0.8248715712
   2.2211610095    1.1083755439   -3.2526823138
  -0.0740516469    2.9207707717    1.5184722546
   2.0719790953   -2.2122618180   -2.2067080286
  -1.5892599423    1.7596586262    1.2730111122
   1.9561291351   -1.4224420184   -3.1096001253
   0.2007651472    0.2922153749    1.9718946132
  -0.9698389339   -0.9928984385    1.0927450928
   1.5130209577    1.4638947055    1.4023893953
   0.8196203287   -0.2965070638    1.2427446791
   0.8346795083    0.2585509732   -0.4113189768
   3.2775331685   -0.5305189297    2.7926033604
  -1.9204639065   -1.4615634758    2.7198867023
  -0.1712559680   -0.5005933710   -1.9142311726
   2.5893484959   -2.5819730579   -0.2021826960
   2.8594242974   -0.5860759030   -0.8792786893
   1.0155500552   -0.7922024330   -1.2713710334
  -0.3826538863   -0.8568367743   -2.8994772629
  -0.8100566938   -2.8828014829    1.8232568734
  -2.2142513677    0.1785577986   -2.3305562781
   2.3189512785   -1.9178459577    0.6545144871
   0.5258771557   -2.4060693393    2.3142537431
   1.7967932441   -0.3026764951   -2.0412085603
  -3.3722984397    2.9356985486   -0.1021748335
  -2.6537011642   -3.0880954751    2.4361401147
   3.2592408261    0.7805566133    2.8796974456
   1.2673256222    2.7234515112    3.0536033860
   0.6965518368    1.9843112495   -0.5695033810
  -3.1040875750   -0.3042964175   -0.5009697948
   0.1194738109    2.4156227942   -3.2641708296
  -2.5705734652    3.0950838480   -2.1714471905
   3.2237194284    1.9328661828   -1.5302149444
   1.4542071792    2.4898916477    1.7430166988
   2.0913730767    0.8322170918   -0.2888121548
  -2.2046327161   -2.1901401394   -0.3540964687
  -2.8303647429    0.3439439366    3.0399458263
  -1.7923237061   -0.3373717492    0.2434284967
  -3.1325613916   -0.0736928102   -2.8066539464
   1.5679727990   -2.0456052106   -0.2120029346
  -0.0793272271   -3.0713740122    1.1674099939
  -3.3315965236   -3.0741220046    0.2111678556
  -3.3971674591    2.5857338095    2.9349483808
  -1.1285737314    1.6107650171   -1.7241188141
   3.0836916465   -2.8133822431    1.0630242338
  -2.9718585387    2.4670370803   -1.2412307639
