            256
     6.98864372
   3.2164076339   -2.3160217499   -2.4976792473
   2.0155053991   -2.0874472224   -2.7665130323
   2.2426896398   -1.5700814654    2.6875096633
  -0.9587818708   -1.6771831484   -2.7962908579
   3.0185539900   -0.1842493413   -0.7860536841
   2.7941151131   -0.7681415931    0.1633292341
  -3.2434011410    2.5677799148    1.4858644268
  -0.9585210775    0.6166627921   -0.9787302399
   1.7624891009   -0.6384412107    0.1283786189
  -2.0393646132    3.1151348670   -0.4760705947
  -3.2523858776   -2.5840632007    0.5513529684
   1.9634661178   -1.4807392060   -0.7175606673
  -0.4298975044   -2.6963801353    3.3588990497
   1.3747119803   -1.0900996900    3.2015347637
  -1.4043984622   -0.7879862883   -3.4601426932
  -2.6116204509   -0.1535037679    2.0074154655
   2.5026087814   -2.3356013093   -0.5520811257
  -3.1953274296    1.7346465483    2.9257296113
  -1.0628521707    2.5640127810   -1.5970382215
  -2.8478281961    1.7481655988   -2.9334164878
  -2.4007696528    1.3746607036   -1.0978675410
   3.2726192350   -1.6028050148    0.7501972493
   2.7363586743   -2.4477603750    0.3858172935
  -1.9747216882   -3.0453311074   -0.9959605042
  -3.2054023795   -0.9071643580   -0.1779641833
   1.9974102013    1.4823361776    0.5728484955
   2.3880252224    0.6448202392   -0.9391181763
   0.1708017944   -1.4053297181   -2.6552668466
  -3.1990978640   -1.5348620507    2.2944411754
  -3.4418901954   -1.6081784806   -1.2618334092
   2.5473891501   -0.0459698307    1.9681488925
  -2.9428626854    0.6142618059   -3.2744208289
  -1.7956738662   -0.0735411911    2.7822165243
  -0.2900583418    0.9377211236    3.0651645869
  -3.0006400240    0.4106497111   -2.1756386918
   3.0696703506    0.4050569420   -1.6895621677
  -1.2931325658   -2.3964083468   -1.9871388276
   0.0390358946    0.5403896309   -3.0839810629
  -1.4238605434    2.3742373110    1.1282316691
   0.3025705092    1.2992544805    0.2320960195
   3.4913515725    1.4390164859   -2.1537804606
  -3.1597304336   -2.2067047178    3.1397804137
  -1.6302983504    0.4744005322    1.6422227778
  -2.5164532140    2.0479825664    1.0124042415
  -1.3148697534   -2.8456632618    1.3247157130
  -2.5913553583   -2.3776581157    2.0881058838
   3.3440065340    0.8323255610    2.2272727436
  -2.6144606212    0.8556643990    2.5528833212
  -2.7016258203    2.7476648680    2.3053246443
   0.3948811860    1.2888893444   -2.3661354366
  -2.1957036402    3.2720763384   -2.8218121783
   1.5609271207   -3.3095717916   -1.5191911286
  -0.3356290406    2.1173573820    1.4478480934
  -1.3887042873    2.5552608454    2.6222948136
  -2.3488937464   -0.7942685104   -2.0422519955
  -0.7916041333    1.3389271859   -2.8683954561
   2.9147684283    1.9626005183    2.0218463496
  -2.0253326089   -1.8670197573    3.1382915640
  -0.7890389187   -3.0398517981   -1.2027080594
   3.4687615644    2.8937015117    0.5197914272
   2.9721840851    1.0878827407   -0.0176987974
  -1.7266162828   -1.3063464191    2.1933613591
  -1.9286204839    1.2175199438    0.7322035466
  -3.3376482460   -0.5089833625   -1.6700312445
  -3.0456181917    1.6436975785    1.8422106401
  -1.6402911127    0.8183357515   -3.1609188782
  -1.0665857258    2.4988822212   -2.9945209909
  -0.2739718477    3.1294132797    0.0502679844
   3.1947844205   -0.2418336458   -3.0434686919
  -0.1829110138   -1.8703203432   -0.2489137774
   0.8654666436   -2.4578315804   -2.2190817206
   0.8699315079   -0.9066761258   -0.7963583995
  -3.0348101178    1.1702593847    0.0804090217
  -2.8334624139   -1.7208424861    1.3855167037
   0.2179771026   -0.9435161844    3.1237031180
  -1.5816956473   -2.5249956156    0.3444903662
  -3.0234051319   -3.3096905813    1.7296664529
  -0.3981685743    1.8949429558    3.2374856238
  -1.5189894735   -1.0648100637   -0.1290542350
  -0.6359339508   -1.7245609526    1.9218234936
  -2.4908241413   -0.9672129882    2.8329718380
   0.2436893435   -1.1602732685    1.3311080166
  -0.6975683921    1.6111311812    2.2671033493
  -3.0893467668    2.4961648642    3.4909813597
   0.7033910617   -3.0978988141   -3.3363760427
  -3.4233047646   -3.2876500706   -3.1420274409
   2.0693439988    1.3175951807   -1.8002155791
   0.7078727914   -1.5237440514    0.3753096244
  -3.3091352222    0.0519637241    0.2131653709
  -0.2955516002    0.0245439225    1.0948441946
  -0.3020489121    3.2636076660   -2.5091038998
  -0.7086381994   -1.1985686897   -1.7480941534
   1.1655280766   -0.3103943143    2.2663004065
  -3.3728331740    0.0082280775    2.7905810945
   1.1570209428   -2.3886692094    3.0233861945
   1.5277151274   -2.0868867926    1.8875893334
  -0.3935320560    1.1716796249    1.1100353406
  -0.4904355889   -0.6299638234   -2.8653114119
  -1.7387618067    1.7352249157    3.4214530642
  -1.6025669048   -0.6528031776   -1.1120139914
  -2.0639220507   -0.1115917766   -0.2146594354
  -0.3602507348   -2.7152017491    1.5616739424
  -1.3983813170   -2.2265961190   -0.8686611564
  -2.2698592767    1.1317309473   -2.2304059189
  -0.9583338161   -0.8791756578    1.3725205248
  -1.4596541464    0.9502772572    2.5411416081
   0.6843702083    1.0164853384    1.3443436002
  -1.0564198649    0.9096122149    0.0330231893
  -1.8125329061   -1.7947071294    1.2040638455
  -1.4032974759   -0.1293085925   -2.4734270928
  -1.1025495455   -0.1886072102    2.1076783952
  -0.2282627529    2.2773855801   -2.1981824574
   0.7643643186    3.0503859195   -2.1970151846
   1.8241298127   -1.3074889074   -1.8494165993
   0.3722895424   -3.2380355015   -1.3884353161
  -2.2345988497    3.1530077178    0.9606902398
   1.4486483375    2.9413494919    1.1995561000
   3.0866268157    1.5119847776   -3.2572478214
  -0.0237906663    2.8922002531   -0.9818573919
   0.3863314922    0.2757350795   -0.6986765643
  -1.0692745088    2.6976930884   -0.5229245964
  -2.0020063260    0.8796012279   -0.2665551672
   0.2607474380    3.1669372256    1.3563291574
   0.9402628262    1.9919221482   -0.3904156317
  -0.2812452177    2.8188849038    2.3782875363
  -0.8172638862   -3.2909948159    2.4952886547
  -1.2365990146    3.3043756554    3.3965613558
  -3.1506245636   -3.4274921660   -2.1388573924
   1.9638598179   -1.7010081695    0.4046847065
   3.0634676165    2.8392036312   -2.9542614746
   1.1070789994    2.0968219224   -2.9385417055
   0.7183706103   -2.2314517847    1.0919824222
   1.4947268120    3.2997005418    2.5951106086
   0.5949083635    0.1838115585    3.1042449309
   2.8192832573   -0.9183254916   -2.2634347670
  -2.8725215055   -2.2214056297   -0.5712779427
  -1.6001414457   -2.4581229046    2.2953690364
  -2.4145262326   -2.7685176764    1.0248557508
   1.6555891899   -2.9991500956   -0.3691326999
   0.7492889497   -0.3239027980   -2.9517887491
   2.9751858526    2.0014430406    0.8313092332
   0.0713611182   -1.8699912483    2.7244350009
   2.2629402493    3.2874396190   -0.6520777162
   2.8281470033    2.0033157828   -0.4412276377
  -2.0348774819   -3.2324184358   -2.0391969157
   0.7024939192    1.2026244277   -1.3004860241
   2.2650747868    0.3062856820    0.0376149176
   1.2207513355   -1.3045324730   -2.6866763053
  -2.6330832161    2.4188138690   -1.3461048918
  -0.8386969616   -1.7056512418    0.8724907595
  -0.0020044698   -2.2132919893   -1.1686010791
   1.8222562066   -0.2721861492   -0.9353737162
  -0.1770983280   -0.7382073269    2.1565006041
   2.6257563904    0.8359425821   -2.5516407102
   2.7488657858   -3.2278601092   -1.4758714617
   2.4563012535    1.2577087718    1.4517568367
  -1.9589330758   -2.8412924552    3.2059219039
   1.7263008487   -0.1223118066   -3.0416429519
   0.7279812591   -0.1966484183    1.3979853923
   0.2532644979   -3.3293517859    2.6417025151
  -0.3552208485    0.5844467871    2.1092228788
  -0.1422071197   -0.7839962484   -0.5563165495
   1.2096329016    0.5128378883   -2.4241133440
  -1.2582880379   -0.1953780459    0.6520296295
   2.1027583232   -0.0858157538   -1.9704285018
   1.4068107943    1.5433270167    2.5861985422
  -0.2688299745   -0.1476159219   -1.4632584639
   1.9510413107    2.5453084279    0.1371340915
  -2.8736931386   -3.2212341513    2.9828868190
   2.5026773295   -3.0562166917   -2.4668988596
  -0.1603348713    1.7412591198   -1.3223867173
  -0.5586481482   -0.0238706155   -0.0379803454
   0.5426572763   -0.3477898905    0.3103574644
   0.6689216281   -0.3930890913   -1.9212691882
  -3.0791705417    0.3375548820   -0.7830339240
   2.0690926853    2.5264992735    2.0284937434
  -1.7840502321    3.4917778628    2.0502708978
  -1.4772330979   -2.7913653329   -2.9681294548
  -2.1995194526    0.2661244075   -1.4111247697
   1.2163939528    1.8138450834   -1.9009798814
   1.8696387928    2.6518876070   -1.9024234369
   1.5100879561    0.5209177828    1.7394719914
   1.1093701217    3.0229516646   -0.6227686601
  -0.3985081490    1.9089159078   -0.3428036441
  -0.5397755892   -2.7610808424    0.1104864770
   0.9669028664    2.0384952685    0.8039078977
   0.7882588928    3.3559026588    0.3503497166
   1.8042767807    2.1375618083   -1.0191813676
   1.6740312372    0.3066830942    2.9317548341
   0.3724887037    1.4977579297    2.3225813869
   1.4470838952   -3.1868403925   -2.6382347197
  -0.7174916734    3.2416737807    1.3824531469
  -0.4984014543    0.6685897732   -2.0429000458
   2.6824799280    3.4733104348    0.4703987421
  -1.8954324997   -1.8936610835   -2.7103002634
   3.1004155897   -3.1278935814    2.8184610476
  -0.2089970976   -2.3273628899   -2.4031389755
  -3.2142658508    2.4222073752   -2.3302096511
  -2.6469496838   -0.7749626873   -0.9913799975
   2.1728816260    2.3266823972    3.1378553881
   2.7141183202    2.0341745991   -1.6364159073
   1.3600545800   -1.1358991715    1.1141288899
  -3.3083997742   -2.9330384150   -1.1478504907
   1.8247246946   -2.2285806180   -1.5731041414
  -2.0559096629    2.0670925237   -0.1033010917
   0.9684020378   -3.0482969497    1.6559932807
  -1.3312581624    3.4765007536    0.3878809578
   3.2087593623    2.7574996148    2.7704992953
   0.8103357331   -1.2922789765    2.1667025549
  -1.3072261058    1.6941576775   -0.8171410863
  -2.4436998698   -1.6644407728    0.2627576993
   2.8909545385   -2.5300239627   -3.4463287862
   2.6856162524    0.4041267881    3.2318251876
   2.2728750400   -2.6934835544    1.2289551932
   3.3404785330   -1.0586679762    3.1898934580
  -2.8350594309    0.4603590724    1.2358751013
   2.2067158179   -0.5728631409    2.8589485917
   2.1600000349   -0.9956544820    1.7847540057
  -0.3225971814   -0.8931509442    0.4307444585
  -2.5745537693   -3.1622016590    0.0472402634
   2.1029985291   -2.7016862657    2.5734655594
   1.8857447731   -0.2586387575    1.1170480276
   3.0440036499    0.0715343218    1.0506121776
  -0.8673506870   -1.6551902511    3.0791617436
   1.1823204938    0.3591503298   -1.3705499590
   0.9894854202   -2.2677921016   -0.9028484984
  -3.2249590124   -1.3896555409   -2.2695228248
   0.7208485290    1.2646799438    3.4093986469
   0.6003314395   -1.4560128732   -1.6481381514
   0.7343209266   -2.5214479757    0.1356881554
  -1.9851430895    2.1839030369   -2.0824921329
  -2.0521969696   -1.6931909659   -1.5054028654
   2.7620938004    3.4554640984    1.7919997662
   2.3247955874   -1.1211375517   -3.1911712398
  -1.9829312554    1.7571882901    2.0200661327
   3.4127748761   -0.5443565280    1.8061208978
  -2.6098436509   -2.5967097938   -3.0322742814
   0.8605835090    2.2380086087    1.7593337046
   1.5187266852    1.0799787464   -0.5746781672
   2.7086331082   -0.9806264731   -1.2905105924
   0.1978757729    2.8048550962    3.4749306464
  -2.9727134031   -2.3175495503   -1.8775387939
  -2.6132997292   -0.3423764612   -3.2690635241
   2.0196490549    2.9663766104   -2.9051637903
  -3.4189621597    1.3571914294   -0.8451507192
   3.2012976681   -1.7547952878   -0.2317832230
   1.7530638397    1.0797861640   -3.1801091088
   1.2087356020    0.4191977889    0.1485168499
   2.2616375936    1.8857483950   -2.7520344789
   1.5174690951   -3.1119673245    0.6480330381
   2.4034966988    1.2000905377    2.6449066415
   2.2300280768   -3.2863055098    3.3709548326
   1.0223299843    2.4614638128    2.9295497048
  -1.3328696967    1.3305245720   -1.8153235063
   3.1518828546   -2.4881157740    1.9369900348
  -3.4802031885    2.8872474487   -1.1451133288
