            256
     6.98864372
  -2.1648255109    0.1173209664   -0.4822544161
   1.1350827771   -1.6461633929   -1.3918396863
  -2.5684869680   -1.9195100772    3.4508468737
  -1.2888980544   -0.7873835197   -0.3790300915
   3.3408236072   -2.2167447691   -2.4728815627
   2.2534603096   -2.5220110496   -0.4223383353
   0.5946838405   -3.1405127077    1.3417594331
   1.4102015904   -0.5897897360    2.7111324025
   0.0634838982   -1.7515167908   -2.9614322911
  -1.8033115042   -3.0237887742   -1.6273718969
   2.8422683209   -2.3155176749   -1.3965856150
  -2.2432065919   -2.3164904443   -2.6975070494
  -3.3112120450   -1.9454290037   -0.5913490403
  -1.4435157020    2.5946557672    3.1054837546
  -0.4268171652   -0.6162251171    0.2339758043
   2.5947319726    0.5217552331    0.9263799602
  -1.2788746914    1.1034180027    3.1498461154
  -2.4145629825    2.0615526866    2.2597675193
   1.2621657581   -2.0391724115    1.2835956050
  -1.5525612160    0.0349549370   -1.2403920550
   0.8864913298    0.1873130265   -1.6352505942
   1.2572609289    0.0584657141    0.7189507387
   0.3356512687    0.8000017289   -0.9580009547
  -0.1557844095    2.7936876950    2.5402431050
  -3.3791301197    0.2938746989   -0.9060382705
  -2.2888878142    0.9577866342   -1.1238256500
   2.4210771647   -3.2119211599    3.3665553400
  -2.6187538877    1.9308120135   -0.9238991434
   1.9426239199   -0.9732665079    1.4259383069
  -2.7342525843    3.2952544122    0.1501729212
   0.0681824188    0.3386027353    0.1806530406
  -0.8543899435    3.3668854236   -0.7535025401
  -2.3948838535   -2.9466929316    3.2547812373
  -0.4636848797    0.2188954467   -3.4079894491
   1.1030817372    2.0563058837    1.0776856145
  -2.1612968130    1.6994950613    3.2294442751
  -3.0173595924   -3.1532780530   -2.7819727637
  -1.5715971811   -0.2311420505    2.0449336970
   0.3355283641   -3.3999097388    2.3170600924
   1.4789390344    3.2690695561    0.3458779679
   1.9386519344    1.2157456778   -2.5847638874
   1.6256028710    3.1051259020   -1.6770814866
  -1.4255759474   -0.6486923982    0.9570697637
   3.4846783219    0.2586748528    2.9798148041
  -2.0302988100   -3.1709479267    1.0499760281
   3.1048513207   -2.9839863891   -0.6353225918
   1.1871843532   -0.8375284948   -0.4522237312
  -3.2615215875   -1.2786341416    0.9351477585
  -2.8423944696    2.1128922262   -2.7376567358
  -2.1115644200    2.7958661425    0.8731085706
  -1.7265351960    1.8337079912   -2.6924735856
   3.1890756064    2.8615133442   -2.8070613362
  -0.0005765832   -1.1075205861    2.4013356838
  -0.3916230370    2.2190301191    0.9365556014
  -1.2137604617   -1.5892284146   -3.0458083835
  -0.2168074664    0.4024959974   -1.8003489455
   0.8211148101    2.1906316083    2.0574501382
   0.9986035460   -0.9809118582    1.7644620608
   1.2821321182   -2.9794915444    2.1951886874
   1.6813566677    1.2275517199    1.4741545919
  -2.2621589476    0.4772488993    1.4274256945
  -1.7976878190    1.1925734560    2.2543953743
  -0.8713394358   -3.3730276996    2.8428688036
  -2.0176854599   -0.8456275608   -3.4202978066
  -1.1236129255   -1.1635115322    2.5275753560
   0.3040390327    1.4962476094    3.0804231003
  -0.6490293999    2.5218326781   -0.1901889429
   1.2222309734    1.1774068206   -1.7439166057
   1.2903244465    0.4959308249   -0.5668648913
  -0.0948271988   -2.2651736585    1.5861927958
  -3.3020617098   -3.0388039016   -1.8000031518
  -2.4461437964   -0.5215512002    1.1223679685
  -1.6566592068   -0.6050484363   -2.4319473673
  -1.7897527205   -1.5232934393    0.6402292715
   0.1120992601    1.6121201260   -0.4785832776
   3.0588686176    3.4166485091    0.4296674626
   1.8534275207    2.2791197259    1.9044487876
  -3.1185779439    1.5657421795    0.1939767246
   3.0685892936    1.7561198612   -0.6432206054
   0.4131280337   -0.0517137912    3.0178777215
   2.8553714862    1.5404656392    3.3855016928
  -1.3837396382    3.0360949285    1.5839637184
  -1.3334407372    0.6768766834   -2.3950817124
   1.5216198623    1.6912696919    2.8543848197
   1.1513155911    2.9146059755   -0.6911223239
   2.3816740810    2.7547724410    0.8877456888
   0.1411829505    1.5679448960   -1.7465634366
  -2.5869214745    3.0767144018   -1.8357243845
  -2.5226411813   -0.9940439744   -0.1843771445
  -0.3755943937   -2.5174119968   -2.2608523949
   0.1500423161   -1.9302018356   -1.4900290872
  -2.6595874858   -1.3624277335   -2.4263315704
   3.1035649272    0.7431036552   -0.0643065136
   3.2353694398   -0.3353859168   -1.8125137115
   2.6317647176   -0.6455423918    3.3750517633
   2.6504557421    2.6777289986   -0.4673263514
  -1.6162531971    2.7003262375   -1.6844980660
  -1.9548363563    3.3187751793   -2.7515869069
  -1.8352540172   -1.7920845569    1.7668640525
   3.3214516887   -0.8069953722   -0.5242757317
   1.5635665718   -1.8045723057   -0.3099979463
   1.1412753641    1.0991906066    0.2810662168
   1.1457518047    1.6451964649   -0.6695687544
   0.3350233593   -3.3033469200   -0.1865398758
  -1.9663660950    0.7694528298   -3.2411180477
  -2.5634707588    0.0494114509    3.2502847722
   1.7447933561   -3.0464803358   -2.6138620310
  -2.0794905960    0.9921780486    0.2090000318
  -0.3927234083   -0.9024241976   -3.4182908353
  -0.9150932805    0.6071188781    1.8897962266
  -2.4698588095    1.0115426424   -2.2374000738
   0.1695195563   -1.2358701949   -0.3731671317
   3.4646508633    2.1860452074   -1.5005244148
   2.2524509891   -3.0411152523   -1.6424141794
   3.3441156823    1.9695459542    2.0447540676
   2.6350522854    2.8904335435   -1.4656536275
  -0.7772845235    3.3291963328   -1.9898049947
  -1.1669044549    0.3496865689    0.7935215698
   0.4101927192    2.5304360992    0.0431692954
   0.0951016351   -2.0584430784    0.5599975696
  -2.2038726490   -2.2355368948   -0.6718485873
  -2.8103772537   -0.9439534353   -1.3365605765
  -0.5339920187    2.0476497954    3.3163491964
  -0.8998544069    1.3650295342    0.2774821432
   2.7773267669    0.8363313962    1.9771954517
   0.3994771742   -1.8092029810    3.0518611824
  -1.6644381494   -2.3055495477    3.0714280103
   3.3302195053   -1.5019234980   -1.7942077397
   2.8954196952   -0.5023397231    0.6097290206
   1.8052900052    3.1789636175    2.4437866392
   0.6234357324   -2.8277721982    3.1897608900
   1.1172330760    2.7198123286    2.9301285826
   2.8805652073    2.8768605267    3.2638354804
  -1.6804479116   -1.0379493912   -1.3154897806
   2.4358478790   -0.1510082913   -1.0777816664
  -2.8719622321   -2.6483211854    0.0487316827
  -2.1217816407   -2.8180047647    2.0969222624
  -0.6767094992   -1.8460477337   -0.3173355930
   0.3104449200   -0.2520135955   -0.7074520542
   3.4762244236    1.4321869926   -2.4446278055
   2.5322040609    2.2454980609    2.6372360734
   3.1369218764   -3.2456007656    2.5033232780
   0.1571402227    1.9898269089   -2.8137145199
  -1.4381896453    1.4101163105   -0.6377338004
   1.6038548440   -1.8907721425    2.2224175040
   0.3537380898    0.5092068042    1.2167363827
   1.8769959479    2.0847030087   -1.2055332834
   3.0162323926   -0.8122732184    2.2633436260
  -1.1638454310   -2.8506573162   -2.8510225838
   3.4856835502   -0.2240763276    1.5780434624
   1.2447320492    3.0896913286   -3.0844925690
   1.8696079668    0.3173950235   -1.8020423296
   2.7919368779   -1.8825782240   -3.3618043272
  -3.2828521371    2.2449926636    2.9278030337
   2.7758697072   -3.1103095618   -2.6797337518
  -1.7013222308    2.0897756714    0.2320251269
  -2.3689884199    3.1055489446    2.5368259146
   2.4383506574   -1.2827308169   -1.0974848903
  -1.7975542659   -3.0173304071   -0.0512712874
   0.2854965945   -3.2402353859   -2.4313116445
  -0.4478294323   -2.4007733703    3.1766690463
  -0.4881837513   -0.1891664648    1.3942152901
   1.4308311842    0.3910993450    3.1980479156
   2.0950267471    1.3077394383   -0.1650374365
  -1.5337815664   -1.7175935159   -2.0548646376
  -3.3729752489   -2.8834909961    1.6097480846
   2.5377088012   -0.7669236799   -2.4070082972
   1.2618801313    3.1136565021    1.4859024160
   2.5801717719   -2.3570676514    2.6587464051
  -3.4434559410   -1.3040537679   -3.2477485150
   0.5850487935    0.6171613469   -2.7444696377
  -0.2778500880    3.3545618802    0.7598017319
   0.8153160065    0.9470463285    2.0711365538
   2.0464147731   -1.7274769478   -2.4847533553
   1.4284176219   -1.1401287162    0.5381800743
   2.0936347168   -0.4048851125   -0.0487094497
  -0.5069273049   -0.1859199358    2.4731475738
  -0.5373403120   -3.3520904233    1.6812805344
  -1.5009222695    0.0045363854    3.1866226814
   1.4672488342    0.1173565399   -2.7889745760
   2.9344103264    3.1118504061    1.7293917281
   1.8463194654    2.2007660010   -3.4188684054
  -0.7694805575    2.2534616049   -1.2024234999
  -0.9952916982    0.2625329919   -0.3898016184
   0.1197007341    2.7222639905   -1.9864706624
  -3.3201493947    1.1683543694   -1.5255234728
   0.5420691492   -2.3450018384   -0.5099844243
   3.1598317159   -2.5265563438    0.2048668014
  -1.0413612478    1.5329110620    1.3281871663
   1.1229396464   -1.9798284150   -2.9765449715
  -1.1328393705    2.6509628613   -2.7700384566
  -0.8975166381    2.0595707231    2.1481959227
   0.4668193157   -0.6851648838    0.6673923172
  -2.6264796083   -2.0668135349   -1.6126106382
  -0.9129570535   -2.4375560685   -1.2670946352
  -0.4368749380    1.0686559323   -2.7922029395
   0.1074636073    2.7225614319   -0.9369015904
   0.9346518357    2.2658763463   -1.4708255127
   0.4915117518   -0.3762907552   -2.4817667969
   2.0373888711    3.4653041840   -0.6246796157
   2.1131225156    2.9166250432   -2.6401236723
  -2.6428572036    0.0717760645    2.2867634861
   0.9720684328   -2.6255453557   -1.9829794320
  -3.1788933880    0.8322871597    0.9254805978
  -2.2348148225    1.5523148422    1.3429550088
   1.6809081139   -2.2644432330    3.2200252291
  -0.1337560155    0.7473685375    2.5757732932
   0.2847818674    1.5210720289    0.6287795204
  -3.0276837649    1.0609556752    2.0251501200
  -1.1048096939   -2.2393171472    1.1037454160
  -2.6682847936   -3.0783897190   -1.0509055882
   0.9651003558   -2.8249629537    0.4889291689
  -0.8125491924    1.1509343102   -1.4770369596
  -0.0034436091    1.5474887837    1.8174834525
  -3.1782642149    0.4624918897   -2.6456762668
  -3.0868205360   -0.0765770803    0.3711373056
   1.2433528858   -1.1356197721   -2.3831213877
  -0.2874803481   -1.2090189868    1.3020093283
  -0.5949491861   -1.1686533782   -1.1067785499
   2.5200875998    1.5501396849    0.8330088148
   2.2053760560   -3.2044066402    1.3119693381
  -0.4900481683   -2.8214295299    0.0744380039
  -2.6076120923   -0.9642139036    2.7180060823
  -3.3751741360   -2.5443334979    3.3084440573
   1.5594483596   -0.6572685200   -1.5062157008
   3.0644796491   -1.8883341156    1.5837855813
   1.4354271577   -2.7779863607   -0.9736296310
  -2.6192132687    0.0657173179   -1.6454839865
   0.7489540943   -0.9727665638   -3.2921187988
   0.2487619444    2.8061410400    1.5854528766
  -0.4708316561   -1.3548599087   -2.0842103299
  -1.8580043433    2.8231662034   -0.5200888032
   2.2032333128   -2.3958249173    0.5954618797
  -0.5922436296   -0.3941229133   -2.4954211798
   2.6190226456    1.6709061545   -1.8950166129
  -2.8924269408   -1.6202897204    1.9157845836
   1.8257295852   -1.2083204567   -3.3883259697
   1.1264654438    1.3535155200   -3.2430567783
   0.1050842911   -3.0537984072   -1.2673602276
   2.4044916127    1.0204920468   -1.0808912457
  -0.7286110396    1.8979393814   -2.1692911153
  -0.0322952758    3.0183273409   -3.1895947696
   2.9449187508    0.6032940067   -2.0081787542
  -2.7891795979   -2.3196297594    1.0435631039
   0.4327701863   -0.1433264402    1.9581062109
  -1.2614899513    3.1378000271    0.4775625837
  -2.9120109553    3.1448185798    1.4548524181
   3.4775550364   -1.5787473455    2.7020538414
  -2.9764276246    1.1612146254   -3.4025175527
   1.6787183934    2.1952784469    0.1552610637
  -0.9659815798   -2.3641167342    2.0831708267
  -3.4214089695    3.0338303632   -0.7191518381
  -3.0168289711    2.2227202200    0.9451683731
   0.5465782938   -0.8935120890   -1.5376615331
  -2.7485710436    3.0877175120   -3.4494637622
   3.1032412789    2.2793467559    0.3562199539
