            256
     6.98864372
  -2.3510089375   -3.3198707935   -2.9305776497
   2.3222888568   -2.5729587894   -2.3711155046
   2.3142674344   -0.9363903441   -1.6658928928
  -1.5069172647   -2.3949613062   -2.8998722719
  -1.5862334480   -1.9119022042   -1.4225322815
  -1.7977799873   -0.7208142655    0.3340136803
   3.1458236622    2.7939444744    0.8096378048
  -0.5799267223    1.3668399777   -0.7749368799
   2.3165560934   -2.9179284030    0.9084538717
  -2.4745829485    2.7361589676    0.5029166874
  -3.3205810980   -2.3617790862    1.3879914240
   3.3067918152   -1.3592602875    1.1262942340
  -2.1389758904   -3.4570171980    1.7384164809
   1.8927039638    0.4883260832   -2.1973678958
  -1.7448118914   -1.7524715628    2.4200548625
  -2.5386925167   -1.4180083992    3.0786029918
  -3.0306880866   -2.4206913095   -0.7204021581
  -3.1248407852    1.0948569023   -3.0643177392
  -0.8118952888   -0.9981388759   -1.2364495203
  -1.2577326117    0.8581227361   -3.2725971516
  -2.3616057629    0.3828896696   -2.5035846064
   3.3307758355   -0.9956059794   -1.1181534512
  -3.1947721802    3.4298871246   -0.5905080892
  -1.3195437623   -2.5805929409   -0.3702313962
  -3.4193193016   -1.8035279237    0.1956030298
   2.6734876189   -1.0953708042    1.9586256943
   1.6033438940   -0.9286382552    1.5714543955
  -1.7299414122   -1.1634175653    1.2599965240
   3.0738353481   -1.1585943830    3.1450232558
  -2.7766807164   -0.5356399246   -1.4116359695
  -3.0753843175    0.8376125149    2.8180311814
  -3.3207697277    0.0644932830   -3.0322843621
  -1.3941536957    0.7874218197    2.7302627553
  -0.1983779168    1.2285028292   -3.1749909341
  -1.8876085724    0.3049783283   -1.2837408143
   3.2633192183    0.2615115396   -1.0953871863
  -0.7908204975   -0.1552991065   -2.6221585539
   3.0692509552   -0.3039600304   -2.0702789898
   3.4004899136    0.6703126697   -2.2738409675
  -1.3017634260    1.1608044613    0.1759394596
   2.7370802355    0.6277552732    0.8672989552
   2.5028648810   -0.2175692665   -2.9235958148
  -2.2021906916    0.4293085465    0.3453950587
  -2.9158392021    1.6045898294    0.4879733636
  -1.7498704198    2.6098408274    3.3961438338
   3.4521094451    2.9629275403    2.4856120537
  -2.7062380329    1.8757504668    2.7972433923
   3.3924775331   -0.1417268075    2.6946131740
   2.9288018158    2.6080892382   -3.2832992370
  -0.5353937914    1.9982954033   -1.9347422895
  -2.8612920406    2.2080248938   -3.1384567066
   3.2996595664    1.8581014115   -1.1952423684
  -1.8951208365    1.9114315545    0.8580858939
  -2.4376975862    2.7744794475   -2.4481660654
  -2.3568509237    1.3472480284   -0.4139759503
  -1.2630670575    0.9318444259   -2.0976454616
  -2.6820531535    2.1483584399    1.4547811409
  -2.2705699888   -2.4705141816    3.0654928565
  -2.6358952763   -2.7695284236    0.5253404486
   3.4527727427    0.9073130089   -0.3703868856
   2.4706271233    1.3803222466    1.4933899418
  -3.0932037004   -3.1285366392    2.1029111695
  -1.6926063765    2.4950501931    2.2101487511
  -2.4552370383   -1.7166137788   -2.1452387193
  -1.5010173177    3.1588373631    0.9932978915
  -1.4289116029   -1.2803120770   -2.6873456141
   1.2242007184   -2.6892970767   -2.7030072177
  -2.1365426884    2.7388004041   -0.8020336271
  -2.5035289984   -0.5969286289   -2.8683783736
  -0.7263020201   -2.8427883202    0.8167622947
   0.9167176136    3.3110023353   -2.5387205639
  -1.2572639534    3.4068258975   -0.9057333780
  -3.4857401230    1.7370806723    1.9404059433
  -2.2304604235   -2.0760979350    1.5262759177
  -0.3991412498   -1.1472908480    0.8258575917
  -1.2477005129   -1.8724996375    0.7033569974
  -1.7228462069   -2.7603901569    1.0251098564
  -1.2238744470   -2.7667336079    1.9673817284
  -1.8887775533   -0.7341525749   -0.8508172143
   0.3944141060   -2.8561255159    0.7242894728
  -1.0606205883   -1.0213476928    3.0433604537
   0.3568399451   -0.7097774407   -2.1202226343
  -0.5439309838    0.2149571668    3.2076373712
  -0.4339246833    2.7341496099   -3.3950608137
  -0.7971747260   -2.0161540383   -2.2499224359
  -2.0065000272   -2.8506442539   -1.2033712207
   0.2999770200   -0.5553544127   -0.0457598955
   1.2358260110   -2.1741770596    0.7416449591
  -2.0787224654   -1.7678034075   -0.5339284656
  -1.7340752165    0.6286774585    1.2562801092
   0.1404697014   -1.5068761765   -0.7362889793
  -0.7694873380   -0.5448451047    0.1294398637
   0.5533231334    0.2361322919    2.1937438055
  -2.5043895477   -0.0460884728    2.4169191179
   1.0002322257   -1.3633598916   -3.2585760750
   0.8695460525   -3.0066789149    1.9179396603
  -1.3499309573    2.0791629884   -2.6823106876
  -1.8579905413   -0.0773309632    3.3796059170
  -1.4308509729    1.5546633728    1.8353641421
  -0.9086301328    0.0294781594   -1.5396268657
  -2.8436049481   -1.0837960918   -0.3904805542
  -0.2898213749    1.3057559846    1.0171497946
   0.5123108612    0.6547889376   -0.7590015018
  -1.7590445217   -0.6418623422   -1.9693688774
  -2.2782449635   -1.7165168720    0.5148710868
  -2.4793495667    1.1054726271    1.8110337701
  -0.8735947887    0.5562867113    1.9598531607
  -1.3692548414    0.2405168467   -0.3182908934
   1.0985647574   -0.7185275722    2.5809536015
  -2.2728092387    1.1008853240    3.4363334008
  -1.2897729862   -0.2530579950    1.2842839605
   0.7066672360    2.2934044770   -2.3685823702
   0.8235408372    1.6631728311   -3.2461625843
  -0.5032514029   -2.9508060101   -1.4550192539
  -1.2199436089   -3.1334411671   -2.1059253749
  -0.7806491223    2.2263929398    2.5838432598
  -1.4699221094    1.7033077150   -1.0476564980
  -1.6627881764    2.7694761825   -1.7257556957
   0.2331313902    2.5577971432   -1.3605841512
  -0.7327960821    2.4009823837   -0.8324938708
  -1.7599239518    3.4369340053    0.0777765776
  -3.4436294713    2.5661529368   -0.1245979992
  -1.2675274442    2.3673394487    0.0478130345
  -0.1631656046    2.3961600554    0.4044692912
  -0.2088444066   -3.0695226434    1.7695026718
  -0.4436085609   -3.2008837778    3.1701371103
   0.0561628989    3.1931778112    2.5147614992
  -0.2375918498    3.2764428984    0.9173751381
   2.7925911318   -3.1746297233    2.6666082883
   2.0385009571    3.2794063316   -2.3869415726
   0.7948702757   -2.7875232864    3.3193363791
   0.8330787489   -1.7384698633    1.7121234661
   0.5243710630    3.2846717745   -0.0464196948
   1.4742512074   -0.4499600326   -2.5972421133
   1.4003958426   -1.5245263453   -2.2412275920
   0.2036192906   -1.7949880664    0.2295628800
   0.0142554675   -2.1450977027    1.3527174434
  -0.8779441347   -1.5298430122    1.7481444530
   1.1437126686   -2.8176056366   -0.0294240277
   2.1706783273   -2.2516508456   -0.0247760064
   1.1450398921    2.9309421746    2.2942089210
   1.2534770688   -3.3298932687    0.9723889618
   1.5620461728    3.1350418524   -0.3806728287
  -3.0020825922    2.9729318037   -1.5001220376
  -0.0462929501   -1.2986157286   -2.9086023886
   1.3954325818    0.2062536040   -3.4101937692
   2.5315403694    0.2974434957   -0.1022101467
   0.9876731206   -1.2953402267   -1.1216132026
  -0.8082346602   -1.5016945705   -0.2025473171
   1.1851030485   -1.6005212974   -0.1127669845
   0.7806235913    0.2525432518   -1.6714274575
   2.0586086363   -1.3262451932   -0.7366969315
   0.0870276211   -0.9869953845    2.1133633457
  -0.1314977825   -1.6040373943    3.0509082935
   1.8183952644    1.1417724911    0.6813873574
   1.9540663348   -1.9379518009    2.3985655413
  -1.1043546662   -2.1943399829    3.1637442434
   1.5888887242    0.7695801310    2.6338560101
  -0.2670605580   -0.3639610367    1.3150649579
   0.1423779568   -2.3887957357    2.5530202877
   0.5326174994    0.6916136513    3.2030403160
   0.0246376868   -0.4095590602   -1.0524758911
   1.6432255287    1.9282852557   -2.4931629348
   0.2671382731    1.4968533938   -0.0522616494
   1.4041626817   -0.2296630440   -0.2759006115
   2.8627956442    1.6621939452    0.4952082738
  -0.1448782203    0.9791289401   -1.8980520306
   0.8677057211    0.2843473475    0.5403128796
  -0.2142905330    1.0396149279    2.6305455070
  -3.2582213771    3.4901895032    3.3597905160
   1.7871172289    0.8981123808   -1.1654454298
  -0.2030018345    0.4025274526    0.3343629007
  -0.8675726352   -0.3150907552    2.3559809853
   0.1954539294    0.0895632846   -2.8502426877
   3.4292040584   -0.3225113169   -0.2475984312
   1.7731846953    3.4722117296    2.9653319961
  -1.3646328410    3.0721949338   -2.8015562607
  -1.6703478906   -3.2931865614    2.8668789874
   0.9839285322    0.8925100385   -2.5069507178
   0.7632884387    1.4988540926   -1.5648516090
   1.2902538821    2.8496510051   -1.4229532196
   0.7664809222   -0.9187797868    0.8763513140
   0.6759368599    2.7848619580    1.3338478427
   0.9652623246    2.0892259687   -0.5954846968
  -0.0792098020    1.9892813467    1.8178323333
   0.1925060380    2.0434547782    2.9763443982
   0.9815552308   -2.6943423791   -1.7782620319
   1.9840110691    1.9239019786    0.0386325884
   1.8547496613    1.3295640492    3.4926445456
   0.5888347085    3.0739585207   -3.4489746304
   2.3488766335    2.5674087595    2.6848152639
  -0.7927516502    3.1588793650    1.8734656838
   1.5393897786    2.6616303724   -3.3547099520
   3.3151601641   -2.3130253370   -1.6710659981
   3.3513165854   -2.7563749430   -2.5744624753
   3.1506261420   -2.2032197650   -3.4711310361
   0.2636030033   -1.7277062768   -1.8227571413
  -2.9617224310   -3.0193435488   -1.8594865052
  -3.4587143780   -1.1934871419   -2.0836940634
   2.5352676832    2.9554934014   -0.1898306079
   2.9400092250   -2.9176100612   -0.6263544892
   1.7978612653   -2.7735848358    1.8501169508
   0.5173326985   -2.6151901640   -0.8645416488
  -3.0522392740    3.2580784694    1.2087394620
  -0.9433833508    2.3745413183    1.1506436389
   2.6573156830   -3.3390646496   -3.2827890320
  -3.2426611939   -2.3108294102    2.7293148815
   3.0825916114   -3.1650010159    1.4927876886
   1.9474165103   -2.3935129156    3.4284773718
  -2.5662223002    0.1484101916   -0.5904627982
  -2.6753339758   -1.1346489814    2.0713217174
   0.2241552184   -0.5081382681    3.2215304895
  -2.2053335643    1.6027753264   -2.4333701983
   3.0193244896   -1.9442552388   -0.7178147915
   1.9624657193    0.1173578333    1.4862492703
   2.6651061069   -0.4170030654    0.6640616384
   2.8781617044    0.9136261486    2.4024126576
   1.1701869225    0.7894346922    1.4671395507
   2.3172365032   -1.8960129223    1.1905293780
   3.4359572702   -3.1081557567    0.3333850719
   2.8240403854   -2.2845096461    2.1091496607
   2.0231055972   -1.1109949017    3.1341290113
  -3.4287421357   -0.3928625278    1.5871640248
   1.0106627119   -1.8704931048    2.8212751229
   2.7264887646    1.2646660647   -1.7929619393
   2.2899672436    2.9682955469   -1.2132859153
  -2.5341938821    2.9398803078    2.5953103997
   2.8476213996    0.7192879415   -3.3456527967
   2.2540342553   -0.0969290774   -1.0745556544
   0.4754058468    3.4909422841   -1.3163861030
  -2.6399114902    2.0482550863   -1.1970155419
  -3.3218136741    0.3517610497    0.5335608336
   2.7118425080   -1.2478250840    0.0235993498
   2.2725763058   -0.3864546168    2.4821434193
  -3.3837295566    0.7506438483    1.4147180692
  -2.8827223131   -0.6591018337    0.6211239748
  -3.4421515051    3.1164355464   -2.6173940002
   0.7646061605    1.3630532834    2.1570933382
   0.8419411824    1.6754349492    0.9247404395
   2.7841181457   -1.3869247328   -2.7816668199
   1.3431752203    1.9806911103    2.8402220183
   2.1620533959   -2.0370953285   -1.4875201874
  -3.0314114251   -1.7217335192   -3.0034338670
   2.5733251824    1.7554595707   -2.8604112030
   2.5189314478    1.3670471443   -0.5981192923
   1.6538128974   -3.0832523363   -1.0546672089
   2.6939540746    2.5469219127   -2.0874045443
   1.2897865490    1.1275574013   -0.2507361100
   1.8716982643    1.9991360809   -1.2444504171
   1.8031197817    2.5865722412    0.8182920328
  -3.3605235311    2.1975631587   -2.2043374314
   3.0695908313    1.7179088098    3.0176647992
   1.6230517655    1.9917371594    1.8857925536
  -0.2459776869    3.0291616999   -2.1565547789
   3.0711963400   -3.3821853791   -1.6584826431
   2.6296977494    2.8834575915    1.7882089395
