            256
     6.98864372
  -1.5821743677   -1.6256423391   -2.6639163803
   3.3200057570   -2.1606097405   -1.5245071781
   3.1712156615   -2.6747387700    2.9387727968
  -0.7927916546   -0.7849995770   -1.4353971989
   2.1379242864   -3.3375750650    2.6861210307
   3.4199091394   -1.4070280213    0.0812433552
  -0.0326755114   -3.0115629421    1.7628915820
   1.6988707867   -0.5996160728   -0.1500083336
   1.5322221019   -1.4562955428   -1.1575702440
  -1.3152259732    2.2246451904   -0.5048710128
   3.3997811885   -2.3970711443   -0.1634835528
  -2.3172034561   -1.3533294099   -1.5636490929
  -2.0849165670   -1.7664002366   -0.5938874749
  -1.7346685907   -1.9565044040    2.1585840023
  -0.6025707791    0.1582027589   -1.0991789135
   2.9214825541   -0.0909635434    2.4038963414
  -2.3585516537    1.7021556404   -1.9970124045
   3.3653630136    3.1634834467    2.8590942191
   2.1810205393   -2.4518609784   -0.2234161177
  -2.5803565466    0.9190165884   -1.4255499111
   2.1987695588   -1.5518244775   -1.8673654806
   1.4688123315    0.3084978485    1.5454505989
   2.4039975924   -1.5555059684    0.2367232806
  -0.2499430048   -3.0879419256   -2.3623244758
   3.1927973828   -0.3892353807   -0.6574599076
   2.4494981930    1.2680420926    0.1666200440
   2.6893783108    2.8972597092   -3.4236080809
  -0.4856303265    1.8289434125   -1.4902568518
   1.7789987716   -0.4067673857    2.1802853098
  -2.0449386492   -2.5007948612   -2.0180830329
   0.0176684472    1.0632204093    0.1531531254
  -1.5597117605    1.3696388971   -1.1728908374
  -2.1782446894   -1.3888063405    3.0467337063
  -0.1276415651    1.4733736056   -3.4500861793
   0.0453881075    2.2015022341    0.5765799805
  -3.3189518227    1.3968341570    3.0922474450
  -3.2376541759   -3.4629798280   -2.9150257097
  -3.3776714731   -0.8827013700    2.3776625543
   0.4434556699    3.3352690770    2.3379085576
   1.1325750129    3.1927992370    0.7658203590
   2.0678706527    0.0917048337   -1.9426726279
   2.1107499735   -2.2852499501    2.4312909941
  -2.5034550894    0.9831809260   -0.3314504867
  -2.4615887310    1.1392847882    0.6734499920
  -1.5193305716   -2.7733332137    1.3348591080
  -2.4524828780   -1.8293278183    0.4995301230
  -3.2885939493   -0.9047045074   -1.5774521866
  -3.0705778671   -1.4695561997    1.2180623147
  -2.2776875221    3.0302153513    1.9779280466
  -0.5509452114    1.7530911560    1.3045979501
  -2.2980320009    2.7489751810   -2.9911426500
  -3.2286165778    2.4048871583   -3.3970659354
   0.3843698780   -0.5357729211    1.2834120556
   0.0684581363   -3.4745294169    0.2178393374
  -2.5181499171   -2.0314474146   -3.1415746064
  -0.0441611046    0.4970280820   -2.9845728347
   0.7788058586    2.2676305929    2.9789628790
   2.6134379206   -1.1599978029    2.2120234950
   1.1264756688   -2.6959085774    2.7193989640
   1.2659487029    2.4472812811    1.3962255245
  -0.7753679038    0.7169914614    1.6685058582
  -1.2564143639    3.4083898063    1.9499858509
  -0.5455325814    2.7018379610    1.8969816673
  -2.4884720476   -0.2529328873   -1.4529276930
  -1.5945908581   -0.2311027291    3.4348845517
  -1.9820075195    2.0291742180    2.3342029219
  -0.4797932957    3.3674313797   -1.4135177092
   1.0693498883    1.0252787448   -0.3033096125
   2.8618378551   -1.3521277959   -0.8853142696
   1.4791286393   -0.9562308692    1.0071705279
   3.3889018088    2.3994179881   -2.4479817247
  -1.4241911139   -1.3609216357    0.3025001375
  -1.6826042423    2.5047140117   -1.5927938228
  -2.3954742367   -0.7177854141   -0.1924590472
   0.5997853489    3.1936240479   -2.8761228132
  -2.7258164975   -2.3933490506   -1.1400602895
   2.1145278932    2.7202385602    0.3016176911
  -3.2610070370    2.2982129027   -0.4084576409
  -2.9979368082    0.2046972054   -0.7271543659
   1.4364883147   -0.3847336417    3.2236797508
  -2.2521347293    1.5234950511    3.4460130571
  -2.3115350138   -0.7300043293    1.0559659716
  -2.6253491687    0.7556278279   -3.0352173299
   2.0633137320    1.5541552835    3.2395628044
   2.0707588456    2.9112869886   -0.6763052489
   2.4073969865    2.8167252147    2.3062332815
   0.3926007330    1.0509300630   -1.9493552588
  -1.3663053591    2.7167942611    2.8916692390
  -3.4844516389    0.3567741624   -1.6893597229
  -0.3309382695   -0.4125706663   -2.7033251413
  -0.9865048642   -2.7058888778   -1.6702867802
  -1.1603605011   -1.7267468598   -1.7744822701
   2.7721923536   -1.0623405853    1.1970942064
  -2.8103041990   -0.0143902538   -2.4232666268
   2.3112787879   -0.2771093178   -3.0167166512
   2.4509080292    2.9885066115    1.2537312036
  -1.5369901450    0.8131414731   -3.0165328578
  -1.1979123026    1.9024245561   -3.2326410750
  -1.1495210660   -1.0110078187    2.6419462786
   3.4447533524   -0.4221225067    0.3970171460
  -0.8582691380   -1.8144218707    1.4368586290
   2.1454515731   -0.2270718299    0.7333032760
   0.4136483208   -1.5093999776   -0.8448218556
   3.2468463796    2.3929016204    1.8445014394
  -2.1717443251   -1.1052986949    1.9584072782
  -1.4563685216    0.8621723374    2.9556944892
   2.3736647917   -2.2088035523   -3.4897691670
  -2.7886815965    1.8790641523    1.6582071798
   0.4731094412   -1.6577091918    3.3509444366
  -0.3255880649   -0.1178788819    0.2337624793
  -1.4314070647   -0.5490700778   -2.3521561316
   1.3174132570   -2.6188226961   -1.3282588684
   2.9093989569    2.9026831594   -1.3153731474
   2.7224591596   -3.3652765746   -0.4395409012
   0.7907798730    2.4304931522   -0.1229871960
  -2.2880650575    1.9294139800    0.1233204736
  -0.6290717719   -3.2673573978    2.8666362452
  -1.7885409792    1.2558540962    1.7236971253
  -0.7027916429    1.0567485013   -0.5742445099
  -0.8074108593   -1.5153987445   -0.5850019045
  -1.3117910387    3.4716418752   -0.2214551384
  -1.5239110214    0.5348267462   -0.4365075947
  -0.7641209012    1.6127185584    2.4785331550
   0.6856946140    1.8469334851   -1.1989714575
   1.5835273074    2.0052581191   -2.5232935731
   0.2953815982   -1.1143003471   -1.8586245080
  -1.7046519669   -3.2802146917    2.9898371737
   3.4245945423   -3.0159488626   -1.9223193693
   0.9655026570   -1.5874072962    0.1031256365
   1.6899527594   -3.2625642283    1.7379703902
   1.4264042642    3.0318261015    3.3405846521
  -1.3421261076    3.2908048853   -3.1576708395
   2.8733136911    1.6761911025   -3.2480371061
  -2.3964763230   -0.7145677612   -2.9813342980
  -3.4167518023    1.3561542700   -2.4472046666
  -3.2692824840   -3.4897773661    0.2536011194
  -3.2250186079   -3.4594004631    1.9668960764
  -2.0818165511   -2.9258482621    0.0024934673
   0.1052807478   -2.2823648322   -1.5234045157
   2.5646003326    1.1217839069   -2.2051667486
  -3.1139031497    2.3328309145    2.5865515656
  -3.0408381560   -1.9489369111    2.3453868518
   1.3308433241    0.0772758718   -1.1126847672
  -2.3292542682    2.8515369329   -0.5817842977
   1.1732170879   -2.7917719275   -3.1478567486
  -0.0811505547   -0.6859343692    3.2220692465
   1.4697630771    1.0661266459   -1.9189249521
   0.6394540442   -0.8402459124   -2.8791433737
  -1.3825599248    3.3741484986   -2.1118669788
  -2.5256306351    0.4755351251    1.4155458800
   2.1208178769   -3.3181880896   -3.1524975762
  -3.1624031978   -1.3575687642   -2.5336895367
   2.4042284380   -0.7848305235    3.1556424578
   2.0154405201    0.6752633688   -2.9260315583
   2.0336572844    2.3083944610   -1.6115399923
  -2.8374117943    2.4467997272    0.8286934215
  -2.3173221559   -3.1363166466   -3.1328550647
   2.7215593488   -0.6384150928   -2.0667796225
  -0.6067197014   -0.8371491060    1.0110136899
   0.2681664607   -3.0240320000    3.3904678368
  -0.4877614695   -2.0958884044    2.6721000092
   0.7098824793    0.2683497699    0.6314636745
   2.2228906678    0.9016711087    2.1451938501
  -2.4898913675    1.8631978346   -0.9831579611
   0.4800323504   -0.0117914489   -1.9390387814
   1.3313718420    2.9083569554    2.3436644544
   1.0700577639    0.3530273334   -2.7222502621
   1.6833890398    1.9504738747   -0.4556550088
   3.3872141231   -1.6017228208    3.1780255750
  -2.8231343499   -2.9739566078    2.9087758689
  -0.4741424743    1.3721654833   -2.4875919231
  -1.3281339331   -0.2032909959    1.3940086842
   2.1335304244    0.3302963974    3.0857505498
   1.9975114985   -3.4226971970   -1.8124861369
   3.4857049789   -0.1019271405    1.4901782154
   2.5541171206    0.5335583440    1.2601631007
   0.2779344231    1.6573796874    2.0350249736
  -1.2859927975   -2.6154183971   -2.8315808708
  -1.1565832286    0.5569797378    0.5073151434
   1.1081662616    1.1797758345    3.0466953275
   1.2926412441    1.2683365909    1.9307065035
   0.7397761679    1.3624226410   -2.9593008941
   0.3411782751   -3.3876250873   -0.9834842614
  -0.7899575619    0.2769477077   -2.0994077999
   1.1112691119   -3.1589046333   -2.1717702419
   2.7306153555    2.0345051987   -0.5858837933
   0.5980543701   -2.4780709451   -0.5173411479
  -3.1011902779   -1.4538240812   -0.7788032786
   0.6815291876    0.2464638000    2.4167187788
   2.2620280542   -2.5075124889   -2.4215472186
  -0.3545549526    2.6857343345   -2.7800045718
  -2.0380747648    3.0273090987    0.4522186417
  -0.2452018430   -1.5421664139    0.4059332713
  -2.4251279630    3.4499316030   -2.0443107220
  -0.4177263528   -1.9842669639   -2.3878125154
  -2.5308238746    2.9728194330    3.0776582456
  -0.3476414813    2.7455350843   -0.5428605967
   2.8187104480    3.2251432948   -2.4785627232
  -1.4212587643   -0.4436522639   -0.6351487845
  -3.4922050091    1.3977940857    0.6752348329
   1.9732745946    1.9585860515    2.1789864855
   3.3764460813    0.5474352968    0.0130626121
   0.5874563635   -1.9754605015   -2.5627581547
   2.2304022176    0.4092427456   -0.4224605653
  -3.4572571836    1.3082736615   -0.6288357346
   1.4781497594   -1.6176941494    3.0686586882
  -1.7354154209    2.2252117324    1.2455714559
   0.7495747507    1.5866782123    1.0313776774
   2.9869067376   -2.0114746003    1.7580598223
  -0.9084705023    3.0178708467    0.9279610039
  -1.2636196649   -2.5405638688   -0.6336406275
   1.3092905857   -3.2398465773   -0.2653518067
   3.4040140149    1.8897458514   -1.5425722566
  -0.3207956595    2.5007367133    3.0609136162
  -3.4515543559   -2.3199182175   -2.8411177586
  -1.3496865799    1.4962915979    0.6528174596
   1.5868113040   -1.8289133661   -2.8533162677
  -0.1436406638    0.8173952237    2.6795193065
   0.5443609156   -1.5999585330    1.2263259884
   2.0266280324    1.5093834845    1.1237868475
   0.6074603922   -0.9280674018    2.5519650326
   0.6157522288   -0.6553696706    0.2275360305
  -3.4795887975   -0.6234854127    3.4749924759
  -1.6198459851   -2.2932807466    3.2144717415
   0.3040400441   -0.4676635387   -0.9052154017
   2.2145834270   -2.2101237835    1.1821827132
   2.4730258964   -2.6988922798   -1.2040657649
   1.6483511267   -0.8813120405   -2.3121609982
  -0.8197001176   -1.5713966246   -3.4151752765
   1.2475440182   -2.5907882917    0.7578481210
  -1.8247537699    0.5204393519   -2.0911922479
   3.2008935815   -2.2778781480    0.7803039729
   1.3612054949   -1.6815434758    2.0119301415
   2.7681384547   -1.5291116832   -2.7447732878
   3.2307876487    2.7902354396    0.6570534234
  -2.3260586877   -2.8352071667    1.9172729660
   3.2380413062    0.6276162553   -3.1208028484
   1.7817272264    2.9273619282   -2.5054716454
   1.1125379115    2.8208472677   -1.1291538297
   2.2781846641   -0.4361262156   -1.1405910082
   0.3039943140    2.6832894045   -1.7516771014
  -1.3415103712    1.6737734910   -2.2414817272
   2.2990520346    1.3220626448   -1.1022809237
   2.7806271855   -3.0206125338    1.7518529155
   1.6762069099    0.6868827566    0.4879707963
  -1.8610375238   -3.2807439174   -1.0367004487
   3.2785031937    1.1615090265    1.8758047741
  -2.1291362445    0.2054897176    0.4193234676
  -2.4574454501    1.1168077481    2.5619873701
   2.3257923984   -3.2808370840    0.5350160971
  -0.3406109843   -2.6584737027    0.7294049831
  -3.1234403506   -3.2642873798   -0.7729999287
   2.7950161875    1.8544173922    2.6815085663
   0.3418333502    0.6197983319   -0.9702037826
  -2.4807327908   -3.0956629055    0.8595238792
  -2.9252016426    2.7259380637   -1.4530923051
