            256
     6.98864372
  -3.4755547270   -2.2959015617   -2.9222908656
   2.7488239864   -2.3023242207   -2.3100049006
   2.3898947610   -1.9345069665   -3.4710374396
  -0.4325152115   -0.8723734642   -2.4009647573
   1.9211385714   -1.2075022466    0.1567296785
   2.8660883853   -0.7613255266    0.5771518457
  -1.6121334229    2.4885037920    1.7011507643
  -0.6576284963    0.2213107147    0.0587614718
   1.3747385027   -0.1291813082   -0.2323702435
  -2.5749362955    2.3414739794   -1.1463060330
  -3.4573377854   -2.5880512225    0.7330049700
  -2.9819463669   -1.6541147871    0.4901461054
  -1.0358078860   -2.9466003250    1.9752968523
   3.0413501921   -0.9387026908    2.2304343163
  -1.5146898882   -1.2727367234   -2.3955093579
  -1.9334425796    0.6069803053    1.2397811339
   3.4562345479   -2.8364201892   -1.5641816045
   3.3116760299    3.3955518596    2.6378430276
   0.6679935900   -3.1723195943    0.0179026014
  -2.6272800435    1.7246534056    3.3951831046
   3.1374500927    0.1390498772   -0.9812405351
   1.3899412464   -1.1016460327    1.6380486379
   3.2007928499   -1.8847946601   -0.4484101434
  -1.9315324642   -2.0088686029   -1.6271331546
  -3.4355360024   -1.7763098959    1.4868601721
   2.6052406668    0.7423669249    1.2807056039
   2.5925598879    0.0578430978   -2.6536388177
  -0.2054692787    0.0704771680   -2.1315125567
  -3.0789281564   -1.5209763927    2.3877327651
  -2.8568150041    3.3750290507   -1.2622648524
   1.1170390581    0.5598928674    1.7906576205
  -2.8005169567    1.0955923579   -2.6723538119
  -2.1810772524    0.1566223417   -2.8733786682
  -0.5020778949    0.6896944412    1.0096510037
  -1.9356148989    1.5520402153   -2.0506676260
   2.5380466671    1.4312856848   -2.1057587237
  -1.7351879285   -3.1518678296   -2.7428955752
  -1.9424642190    0.2505090686    2.9853138469
  -0.4518206448    2.5085669392    1.3220771095
   0.3848418406    2.5296922452    0.2522619920
   3.1937721498    1.7563187555   -3.2088909303
   2.8795801197   -2.9959368160   -3.4534680357
  -1.1801734299    1.5629781162    1.5076485296
  -2.3724769859    1.4510729991    1.8941740621
  -1.3822748242   -2.3913480842    0.3507471007
  -2.4126508823   -2.5191233309    0.6702721587
   3.3022962266    0.2220075503    1.7845378255
  -2.6978637188    0.9051889217    2.6399779170
  -1.1947275923    3.1106636029    2.8024228440
   0.2495785181    0.5995387501   -1.3673336658
  -3.3984119906    1.9474037545   -2.1299692245
   2.0899212491    2.9757452187   -2.1990412597
   0.3506488011    3.1722722974    2.2922658215
  -1.1265768924   -3.2642796292    1.0603221879
  -2.7531389884   -1.5138841127   -1.9868087508
  -0.9825153200    1.6427836290   -2.8757182414
   1.5429868859    0.9984263117    0.2554526667
  -2.1074702424   -0.8627420758    3.1461285811
  -0.1600356962   -3.0438635172   -1.4478093297
   3.2664796874    1.6051164073    0.7918686792
   2.4065761435    0.2692506424   -0.1487161372
  -1.6049674281   -2.9195900977    2.9988289997
  -0.4766253079    2.5929017144    2.4210511638
  -2.6480696386    0.1562967710   -1.6186798805
  -2.5323564630   -0.4945210684    2.2217713064
  -1.8512747371    1.0168686922   -3.2493015855
  -0.0396819711    2.9425280691   -1.4225418858
  -1.0049969422    2.2087459407   -1.9898780905
   2.9021675676   -1.5836932665   -1.5392021815
   0.3956190992   -2.3837967643    0.5525610809
   1.8212850434   -1.3847507200   -2.2671005803
   1.1980252377   -2.2935842651   -0.9996389118
  -1.1660777514    3.0116392752   -1.0447639195
  -2.3758430270   -1.3425729949    1.4392313978
  -0.0438577306    0.5525017525   -3.0695603603
  -2.0221977281   -2.8784669682   -0.7326079692
  -3.4724941597    2.5560626104    0.8837658572
  -2.4866823696    2.2119515889   -2.5755150714
  -1.3838975674   -1.3040568685    0.2407578241
  -1.3938556809   -2.0280389361    1.4044531353
  -3.0001116854   -0.0038446956    3.0956955292
  -0.3911603144   -1.3917785832    2.0756731341
  -0.9909301743    2.5207404607   -3.3039212922
  -2.7853030152    3.2828235584   -2.3050646862
  -0.0051429195   -2.8218313333   -2.8465167066
   3.2178234544   -2.4440622209    2.6159580534
   2.1333090781    0.6104594816   -1.5451491445
   0.3928539244   -1.3286488079    1.2522575408
   3.2159765044    0.2392790020    0.5923269198
  -0.4487404566   -0.3542547630    1.9079340919
  -1.1590379534   -2.3057004226   -2.5409045201
  -0.9178531372   -1.5980001100   -1.3664513415
   1.0241192178   -0.8786433814    0.5929250255
   2.9172807555   -0.1792429196    3.0210741127
   0.4550325608   -1.6961726462    2.9534206540
   2.4398466403   -2.8782242530    1.4451445237
  -0.2315785210    1.5941657236    3.2220174548
  -0.7603799474    1.2937584423   -1.7228581886
  -1.5716470585    1.1204380065    2.4533641668
  -2.1925298670   -0.8776114309   -1.1626111829
  -2.8859787586   -0.4068980484    0.6704555996
   0.5766003880   -2.3181241254    1.5488287515
  -0.2556952946   -2.5265053837   -0.1690263644
  -1.3021703664    2.0013006025    2.8028261845
  -1.2552012766   -0.0235037138    1.0028107787
  -0.9396693329    0.5357925236    3.0920710907
   0.2789970112    1.6954414071    1.3324314059
  -0.5773905418    1.0629340572    2.1214687300
  -1.4361965520   -0.8927449452    1.7038630308
  -1.3634393622   -0.0992557402   -1.7600236467
  -0.3074094000   -0.3558958891    3.4321376373
   0.7569553515    3.1265374991   -2.0512022937
   1.5958082065   -3.3145856900   -1.5506615642
   1.1806104922   -1.2065819809   -1.1107802971
   0.6853292963   -3.3387859693   -0.9465048470
  -3.1011491489    2.2146813799   -0.2565940984
  -0.3009089723   -3.1915034567    2.7539810745
  -3.2227935220    2.2219679585    1.9151231369
  -0.4252102658    2.4003674707   -0.6185573799
   0.6010386023   -1.5174572404   -0.1318392848
  -0.3504618463    3.4538322760   -0.5179148948
  -2.9458120709    0.4109574198   -0.5387840663
  -1.0224901431    2.4868932817    0.3850415238
   1.2198208376    1.1716218917   -1.6843314741
   0.7422888111    1.4064875768   -3.2509518983
  -0.5908809999   -2.0826190420    2.7339611847
  -3.1208828418   -3.4909354389   -3.4053021424
   3.2138094381   -3.2885201138   -2.4984484901
   2.1883363886   -1.6187773875   -0.8230612541
   2.1812827080    3.2879408756    3.3296311342
   0.9863260052    3.3375032996    3.2326427629
   0.9359603761    2.6346944318    1.3684617420
   1.7045751523   -2.3115083707    2.9222832767
  -1.4593965234   -0.4421876410   -3.2361533189
   3.2962004583   -1.3370650656   -2.6221345701
   3.1688582027    2.9740623858   -0.4785221727
  -2.4496925635   -2.4375980514    2.4134866561
  -1.8653610158    3.4169381276    0.0532250499
   2.1979923321   -2.5118355088   -1.3454195606
   0.3949960722   -1.0025295268   -3.1232566733
  -3.3101398929    1.2148722753   -0.0421852871
  -1.1927537371   -1.8132687402    3.4508164201
   2.9426985234   -2.9065445040   -0.4760141534
   1.6944712142   -3.2347293156   -0.4172408400
  -0.8528444673   -3.3513318247   -2.3775804313
   1.6865737932    2.0601169443   -1.4879876753
   2.2352631240   -0.6257765671   -0.7354225954
  -0.3144189014   -1.7845162749   -2.9429193654
  -1.7729589312    2.8599970985   -2.2304870223
  -0.6634912423   -0.9335129687    0.9123648775
   0.2732159885   -1.7956895290   -1.1178147939
   2.7147244386   -0.5194782217   -1.8355353076
   2.0863401597   -1.2978958487    2.6366335277
   3.2478663454    0.6801849700   -3.3911561843
   3.0402469089    2.8495867732   -1.5483314761
  -2.6403454295    1.8763513310    0.7265586976
  -2.6802592430   -1.8850816489    3.2399362813
   1.0801452782   -0.2288712643   -2.5402942280
   0.5618347365   -0.3378136679    1.7105085105
   0.0466713886    2.8583497819    3.2801365741
  -1.3016155250    0.1757010886    2.0903428817
  -0.7238173454    0.3099604669   -0.9223889939
   1.9726499288    0.2061970197   -3.4011321188
  -1.2386539590   -0.8292080860   -0.6296219940
   1.2282460173    0.1106884759   -1.2028237591
   1.6949266408    1.9355508640    2.1871501474
   0.6622726414    0.6319795682   -2.3818320306
   2.1382917322   -3.2994685651    0.5887531105
  -2.5051434046   -1.0436719669   -2.9012436604
   1.8943023825   -3.1145443962   -2.7106584324
   0.3062570807    1.7791802824   -1.4062078859
   0.0786288473   -0.1502712246    0.7214790461
   0.5990679679   -0.4397989142    2.8223898801
  -0.0979448263   -0.7970443684   -1.1864231379
  -1.6506629835   -0.1797486208   -0.0217379441
   2.5593518749    2.4737842325    2.6901939593
   2.9681433631    3.2896158262    1.7153756919
  -0.7228568313   -3.3567560279   -3.3470713133
  -0.5537291306    1.2172076604   -0.5334745595
  -0.0040471247    1.6838421423   -2.3960168805
   1.5788491518    1.9912028713   -2.8376470404
   0.2189721386    0.5481832272    2.6923148843
   0.8694571498    2.0586812200   -0.5639233141
  -2.2281714613    2.9630725379   -3.2761901690
  -0.1487271518   -3.1394115852    1.5446899879
   1.8064465820    1.7901479067    1.0386973674
   1.3751052981    2.9748318244    0.0745585472
   2.2900695744    2.6382143363   -0.8289188311
   2.4679492729    1.3293899911    2.3508172077
   1.2741074993    0.6664164439    3.0574169248
   0.8580037983   -2.6784930532   -3.2476725208
  -2.6231910557    3.1242740339    1.2087450065
   0.2558424451   -0.0209165301   -0.4282119882
  -3.0395043036   -2.6005809928   -0.2581599808
  -2.3273157362   -2.1235342413   -2.7577997753
  -2.4710033756    3.3737052674    2.7209139795
   0.7664798072   -2.7136430833   -1.9925797583
   0.6500366387    2.3534179586   -2.8802250182
  -2.3540306561   -0.9441808968   -0.0063237445
   2.5996603359    2.1499272526    1.6931363351
   2.9052633208    2.7061707779   -2.9002543705
   2.0454063115   -0.0133080384    0.8627477308
  -1.3917384579   -2.9129663068   -1.5384673375
  -3.4206890124   -0.8994943392   -0.3424473308
  -2.7241882944    0.6772142065    0.5734344105
   0.6381737173   -2.7384436102    2.7958955871
  -2.0032113849   -3.0375950072    1.6629042486
   1.8900364729    2.9653166165    1.3489316115
   1.4800750782   -2.3740023093    1.8881567938
  -1.4336173666    1.8896059966   -1.0006110604
  -1.7168101624   -1.8621390758   -0.5114127783
   1.3546665506    2.9880213548    2.3185505951
   2.3296170233    1.5273587240    3.3570016421
   1.1534197863   -3.0508363984    1.0132915161
   2.2350293613   -0.9339322972   -3.3220280092
  -1.4541957397    1.4022464429    0.3207627044
  -3.4429655336   -1.0553100666    3.3685132570
   2.2417603323   -0.3963949446    2.0613829125
  -0.2923659089   -1.0239067003   -0.0860996606
   2.4329936616    2.5604091310    0.3572512077
   2.5834423656   -1.9483325672    1.9525668407
   0.6518751997    1.0533743116   -0.5857952095
  -3.4642639732    1.2593918640    1.7537270030
  -1.0604920343   -0.7241080552    2.6975054606
  -1.0551943073    0.6684171050   -2.4953666816
   1.2244793974   -1.8857872334    0.8777552022
  -3.3070857618   -0.8206082749   -1.4858850021
   1.5861590961    0.8368025586   -2.6749286242
   0.5568300649   -1.9500422897   -2.5783035510
  -0.1320179184    3.3952217151    0.5427674188
  -2.9765999191    1.2257974353   -1.3717034875
  -0.5251095654   -2.0094497985    0.8629729772
   2.1843204511   -3.3540066934    2.3286480106
   1.2175582169   -1.7248011286   -3.2860403063
  -2.0108788101    2.2458349275    0.1509102280
  -1.6749922350   -1.7596832877    2.4041314371
  -2.3174148196    2.3703241250    2.5622294480
   0.6240346703    1.8520037914    2.6683283189
   1.8416090405    1.3721703294   -0.7013372778
  -2.8679474549   -1.9827965437   -1.1254872401
  -0.1674509150    2.8677718699   -2.5700169295
  -2.5927534019   -2.7574440558   -1.8257445831
   3.3178343776    0.5801432822   -1.9426315280
   1.4607777333    2.3079050434    3.1556322647
   2.5118546061    1.3993319529    0.1040559355
  -3.0654525293    3.4119858896    0.1752677199
   3.3550002093    1.4881998484    2.7704295929
   0.0885701148    1.1777837748    0.2846112813
  -3.3484458843   -0.2843088197   -2.8961067668
   2.0185360892   -2.3602872882    0.1266612309
   2.5048079462   -1.8120641470    0.9096953005
   3.1402558655    3.4514533732    0.7532808131
  -3.1915109026    2.5591548494    3.2456431565
  -1.7401710017    0.6426397476   -1.0449542945
  -3.2237695907   -2.8977394773    1.8074555542
   3.0044902968    1.7133047273   -1.0953863433
