            256
     6.98864372
  -3.0177780390   -1.3499088573   -2.5737381281
   1.7712049113   -2.8080332686   -1.9648434251
   1.7603593223   -1.0601240758    3.2742974579
  -0.8640834022   -1.5443558501   -2.5779071976
  -2.8797875302   -0.7882297863   -1.6569816968
  -3.0704040528   -0.6714493810    0.0422936852
  -2.8427686615   -3.3640561896    0.8996954993
  -0.3586077910    0.9104704233   -1.5983610677
   2.8601578132   -1.3008564331    0.4961697175
  -2.6969461848    2.6390369567    0.5999294848
   2.0249774088   -1.8148837388    0.7639109937
  -2.8506626720   -2.0204879103    0.2923722029
  -0.2517540453   -2.8719871371    2.8635396360
   1.3194260848   -0.3699669295   -2.6066954917
  -2.0105386273   -1.1209899703    3.1046185840
  -3.2048796686   -0.6528502530    2.2667987935
  -3.3572678024   -3.3514877639   -1.6679161591
   3.4738871534    1.9201592348    2.9781862076
  -2.0957177393   -3.0561374204   -1.8858450585
  -1.8598133827    1.2009842430   -3.2920542707
  -2.3900524202    1.1963915309   -2.2497117200
   3.0490363737   -1.6297342433    1.4062445801
   3.1510824119   -3.2281650777   -0.6815354052
  -0.7566043103   -2.2088226024   -0.2181093483
  -3.0434370950   -1.4736373550   -0.9316530029
   2.4985573716    0.9388063568    0.4613773109
   1.3276947645    0.2270752114    0.7048483477
  -0.8170298820   -1.0448268341    2.4012619548
  -3.4080553606   -2.1079795350    2.5619287397
   3.0613542600    0.2122441207   -1.7779750720
   2.3758419756    1.0956191596    2.5761177691
  -3.1199143801    0.8392132112   -2.9534310671
  -1.2346983583   -0.1260567240    2.7321604274
  -0.3810904263    0.2400662165   -2.3758396413
  -2.2301784852    0.1713742957   -2.1372476014
  -3.4372198413    1.0401543696   -1.4731869108
  -1.3993335200   -2.0190439748   -1.6462958909
   1.7419530307    0.1855145394   -3.4924088264
  -2.3377360531    1.5374561017    2.8343045912
  -1.7378595379    1.7157889536   -0.3455245776
   2.7994987008    0.6743826639   -0.5339610475
   2.9948171546   -1.8092035064   -2.9981974795
  -2.1972429268   -0.2644789037    1.4132597530
  -2.6982471807    1.9505157243   -0.4806241515
  -0.5467854622   -2.8685542897    1.8412559179
  -2.9167603916   -3.1685492297    2.1527646695
  -3.0873992555    1.2014976931    2.2073548246
  -3.2955314902    0.5443750819    3.0324922103
   3.3032957688   -3.2063031254    2.8014556558
  -0.1501060987    1.1715669259   -2.8740168316
  -3.1752278913    2.8440929167   -2.4729534618
   2.0936900983   -3.0609988449   -0.8263348031
  -2.8187820141    1.1319011973    0.1950030332
  -2.6652733009    1.8131648555   -3.0978645543
  -2.4062511790    1.1259138515   -1.2267735687
  -1.2424191494    0.9805440028   -2.4427115055
  -3.2504914843    2.4607340206    2.0348586115
  -1.8682341472   -1.8695831223   -2.8292460960
  -1.8103904584    3.1906391603    0.8969730450
   3.3006165685    1.8644019567   -0.0705320246
   3.4820191701    0.8100957055    1.0829519405
  -2.4081439746   -2.0764709170    2.1840920885
  -1.7887959787    1.6793811948    1.8161571798
  -2.0903035486   -0.9600762951   -2.3600122264
  -2.4091127076    2.9423799615    1.7426706592
  -0.7169555102    0.5316201382    3.4519479638
  -0.2325362925    3.2793227951   -3.0237473180
  -0.8229631742    3.1445896800   -0.6923776756
  -3.3373652540   -0.1891184838   -2.6119143794
  -0.8760852002   -3.3452759324    0.7349627959
   1.5231620268   -3.3891255874   -2.7738283998
   0.0726675643   -3.2373646649   -0.0601610765
  -2.8690293421    1.8007890308    1.3394474256
  -2.2655589758   -2.2547915622    1.2404372880
   0.0279204398   -1.8197371182    2.5697288687
  -0.3992446121   -2.3768043974    0.8404107378
  -1.8620064990   -1.6144979338    0.4251455034
   0.1808142643    2.3102336979    2.9621983847
  -1.3678258897   -1.1719625450   -0.3913165599
  -1.0921778724   -1.8969924065    1.6176193530
  -1.4275456267   -0.6181026918   -3.2693707550
   0.3639138741   -1.3769010250   -3.4594194702
  -0.0851047873    1.2435280198    2.9174454646
  -3.1305784339    3.0232547692    2.9078077616
  -0.7904203813   -2.4712327179   -3.1911604549
  -2.2607971992    3.4025970842   -1.0214120263
   0.4990880166    1.1186177664   -0.4526179494
   0.7863125758   -1.3889617472    1.2086033321
  -1.7493604597   -0.2543162212    0.3930253344
  -1.1774302212   -0.3006034262    1.5500089695
  -0.4682749498   -2.9131115042   -2.1372348025
  -0.3297562393   -1.9365959247   -1.5001684207
   0.6704818290    0.3200624685    1.9181028143
  -2.7402485990    0.2361490911    2.1738277555
   1.8023884458   -2.0986897664   -3.2292209085
   0.5677190500   -2.2543816798    0.4423082215
  -1.9326551144    0.5819073758    2.6916908177
  -0.3403370068   -0.4143294706    3.4403838229
  -0.9563372744    1.8870771992   -3.3148663802
  -0.5900221691   -0.8827009691   -1.7836999482
  -3.1118867733    0.1548209902   -1.0528167785
  -0.2933324071    2.4261758287    0.8124316729
  -0.4285051008   -0.8977622090   -0.6706484151
  -1.3351160627   -0.2513555183   -2.2991057188
  -1.8584521113   -1.1759473543    1.8398603520
  -0.8351830020    0.8486965818    2.3766261293
   1.7725262501    1.7552233846    2.0173112742
  -0.6649042983    0.3011075903   -0.4608943512
  -0.2215021097   -1.1890995688    1.5697603938
  -2.0398298249    0.1679847882   -3.3748321176
  -1.4192294561    0.5742723990    1.0290317791
   0.6721988795    3.0590404795   -2.4199116448
  -0.2266840482    2.3052670998   -2.5528731359
   1.1913273409    3.4697340171   -0.7697900118
   0.5249947912   -3.1359128538   -1.6288334070
  -1.9869450935    2.5554300444    2.8814485115
  -0.1248824756    1.9902622070   -0.1871611896
  -1.7396370041    1.9422854188   -2.5305303233
  -0.6709926027    2.0188319016   -1.5613630402
  -1.2541029570    1.0305066867   -0.8470324484
  -2.1244121074    2.8718977395   -0.1779307945
  -2.7768414091    2.0957399130   -1.5439300136
  -1.2622003648    2.5584485096    0.2250476928
   0.3104635496    2.8544185262   -0.6761295926
   0.3477621008    3.0523037181    2.3051144267
  -1.1244270656   -3.2794549889    2.6181441783
  -0.8884093776    2.3832852227    2.5997055492
  -1.5130351084   -3.2050585306    0.0049581361
   2.4872406611   -2.4317668822    2.3509174093
   2.9945653214    2.6463523446   -1.7907391156
   0.6523229720    1.5564065812   -3.3386772446
   0.2878328366   -2.1654896994    1.5842852133
   1.8901158995    3.0715429048    1.5406261161
   0.7394672310    0.4710021309   -3.0014652402
   1.6170501288   -1.3028398936   -2.3644441059
  -0.8717423604   -1.3080704449    0.6492856794
  -1.2304899767   -2.0959313351    2.7191275246
  -1.3627664489   -2.4562071322    0.7820185702
   2.7814361020   -1.9663771113   -0.4957385774
   1.4627547859   -0.4670542612    1.4581405308
   3.2778371654    3.0619149771    0.4661888648
  -0.0348879442    3.4392281988    1.2285857865
   2.3135492101    3.3934547489    0.2247920855
   2.6262092758    2.6880195328   -0.6847830388
  -0.6102231602   -1.4103533907    3.3068110196
   2.2337021979   -0.5608360650   -1.8276383292
   1.7654199016   -0.7976555899    0.5905336259
   1.8253172523   -1.9950338600   -1.0158457078
  -2.1223559104    2.8210267945   -1.9593446801
   0.5709445914   -0.4678783364    0.7515036075
   0.9388430987   -2.1107427964   -1.5225951233
   1.3031447140   -0.6497987980   -0.9287170976
  -0.0772787227    0.0855974742    2.6153723488
   0.8509370331   -0.3495918539    3.4079921219
   2.3048396607    1.8972878667    0.0264298687
   1.8986051619    0.4469966927    1.8499966186
  -2.1324865915   -3.1874729297    2.9931025159
   2.7823379597   -0.1796229697    2.8325183487
  -0.0151833060    0.9770298858    1.6875411531
   0.5228435123   -2.7701611221    2.3171505121
   0.6842798281    1.6358188007    2.3111510489
   0.6039794142   -1.3486002938   -0.6491456813
   1.5182951849    1.1644263458   -1.9333406769
  -0.4545357407    0.9766153336    0.6170421283
   2.0130033697    0.4158818594   -2.5508418170
   2.8593288806    1.5251650282    1.5453314231
   0.7393293069   -0.9562499191   -1.6365149972
   1.4389275709    1.2294716455    0.1143969600
  -1.2658326476    2.8481597767   -3.3745645112
   3.4912802693   -3.4388043859   -3.1737080788
   0.7750425311    0.6091581357   -1.3858195811
  -0.4959532225   -0.3726238112    0.2674155280
  -0.2107871904    0.0055141053    1.3666090008
   0.1408664573   -0.7900262308   -2.5629351984
   3.3532393522   -0.6682746923   -0.7725075406
   2.2969614527   -2.8158980405    1.1093210627
  -2.3055459380    2.9169645806   -3.2365422264
  -1.4400346296   -3.0331501608   -2.8226925949
  -0.0702598498   -0.1046120355   -1.4654527450
   0.5395379901    1.2811446955   -2.1844303013
   1.9482406942    3.0345064665   -1.8447796999
   1.0995037248    1.1195502437    1.3323704021
   0.8417049798    2.7886038877    0.9461013871
  -0.2659539745    2.9906211598   -1.6642089328
  -0.7000040620    1.7233755527    1.5325645392
   0.6190494608    1.7875363716    0.6862368570
   1.4503845248   -1.9929978539   -0.1399532640
   1.4636977987    2.6124690659   -0.0031384563
   1.0543229944    0.4637578782    2.7993480008
   0.5802608022    3.4780092080    3.2869424625
   2.4904719538    2.9016481777   -3.3066568540
  -0.9372598632    3.0350098543    1.7752922001
   1.7794749591    1.2717253154   -3.0221972670
  -2.0246741713   -1.9857780293   -0.7126008887
  -2.4437363531   -1.9787604468   -1.8743348114
   2.2089922654    3.4925727273    2.6002418105
   0.4435243145   -1.8134045002   -2.4529349708
   2.8524744809    3.3673060734   -2.4070373676
  -2.1343116361   -0.8861209925   -1.0127131066
   2.9160041071    2.7619699140    1.5538543236
   1.4953754536    1.9630611839   -1.0433853732
   1.0461777606   -3.4310157421    1.5585317183
  -1.1547207807   -2.9227977489   -1.1474203329
  -3.1155143947   -2.3661718246   -3.1682921298
  -1.9881812942    1.9856053520    0.8617350520
   1.3847572781   -2.9727864210    3.1150731875
  -1.5932271989   -3.1875834896    1.7181377172
   2.6278648274    2.3742898672    2.4098320156
   1.2765130715   -1.8669068911    2.7642781756
  -1.0866292335   -0.1362884853   -1.1731267656
  -2.7453910921   -1.3554169728    1.3045732158
   0.6437698134   -2.4290740270   -3.3585247052
   3.4647256256    1.8765492570   -2.4028900619
   3.0842377417   -2.3758406185    0.5164062674
   2.7128316379   -1.3279720197    2.9083629522
   3.0067786868   -0.0332035442    0.2389812735
   3.1520567223    0.5392267126    2.0517348747
   2.4210831505    0.0469463300    1.1026175404
   1.9992161422   -1.4699344868    1.8674112962
  -2.7549088488   -2.9473861115    0.0503403397
   1.5250604697   -2.3653386301    1.7991033964
   1.7397058567   -0.4228325534    2.4889666740
   2.6433518127   -0.6159202432    1.8828553016
   0.6471522064   -0.8874691333    2.2742442881
   2.4311709579   -0.3181475567   -0.8955534973
   1.1341282631   -3.1949642236    0.5141486226
  -2.0093699733   -2.1926690296    3.2896944437
   1.5074864117    1.6758202200    3.0172925870
   2.0360575863   -1.1620731465   -0.4260272731
   0.3689638021   -2.3379366131   -0.6976608697
  -1.6710583978    1.8765240051   -1.3761601145
  -2.1452579162    0.2183037463   -0.5736498690
  -3.2649723629   -2.5465859662    1.4553226190
   2.4612488285   -0.6190045772   -3.0288559149
  -2.3709798127    0.9040235481    1.2086733702
  -3.3726501711   -0.3765155585    1.0373242339
  -2.5745395073   -3.1304075039   -2.7213486823
   0.1968321948    2.1283830125    1.6515433541
   0.5024911034    0.8042687354    0.5668409077
   3.2172435377   -1.1521178822   -1.9678802659
   1.3689310064    2.8673681412   -3.4153099860
  -2.8230606996   -2.6298858014   -1.0263331952
  -3.0361569335   -0.6737782893   -3.4859838393
   2.0380785578    2.2871566131   -2.6426106289
   1.9409371474    0.1750516344   -0.1449338827
   3.2372290358   -2.3685259795   -1.8224183441
   2.5787427689    1.1595273812   -2.1383850100
   0.6579629989    0.0350502861   -0.4628283980
   2.6401739788    1.6949132252   -1.1404543842
   1.9085486837    2.1291565498    0.8915258394
   2.8249445221    0.5382743320   -3.3201086099
   2.5418924481    1.8677389682    3.2423096575
   1.4101015607    2.8138033235    2.3992962061
  -1.2683223180    3.0352007051   -2.3857199175
   2.5353694944   -2.8574564214   -3.2122239787
  -3.2715973926    2.9676814799   -0.6339256852
