            256
     6.98864372
  -2.3465914078   -1.6346964690   -1.6095613001
   3.4008008571   -2.2016338613   -1.3034827526
  -3.1393323193   -1.6013944437   -2.6629487262
  -0.7446341501   -0.9504842813   -0.9379184392
   3.3102022577    3.2683415578   -3.2117853617
   2.1085702648   -2.0524527158    0.1776110143
   0.1152767134   -1.7998559095    1.5835670603
   0.6446936101    0.3419867426   -0.4665677824
   1.1684619517   -1.0584463375   -1.5699719198
  -1.7163197601   -3.2599263993   -1.6278171267
  -3.3550283050   -3.3031339804   -1.4443608739
  -2.5216821198   -2.7397952096   -2.0210708540
  -3.1745289266   -1.5386400204    0.1534387953
  -0.2191584915   -1.7963409428    3.4408773780
  -1.4322691290   -0.0399288034   -0.0842499209
   2.9366714091   -0.0959231365    1.9746619354
  -2.1784101057    2.0330359790    3.1544443206
   3.1654938352    2.1907336020    1.7775947105
   1.7674459924   -2.5497949934    1.4273088003
  -1.5294561127   -0.3178664541   -1.6863380224
   1.2670462616   -0.0770488715   -2.1475869415
   1.6741206558    0.2380515143    2.2432239270
   1.5463358490   -0.2810341667   -0.7819851889
   0.3470793285    3.0191887368    3.3457653119
  -3.3803140800   -0.6089720810   -0.2890490629
  -3.1479544144    2.2240932106    0.4886340075
   1.9685137985   -3.4255648123    2.4397857400
  -0.2513647440    2.6672052526   -0.6556892527
   2.4370674869   -1.6079596596    1.9237244096
  -0.8978307288    2.9592003396   -0.0148067413
  -0.1657916699    0.2743330766    0.6882906972
  -1.1232494405    2.1383799701   -0.8781633074
  -3.0473587681   -1.5711138526    2.9891059013
  -1.2962781039    0.0677747425   -3.2790738181
   0.6720352739    2.6749817498    1.6479151383
  -3.1224529508    1.2267633842   -3.3959473777
  -2.4249665775    3.4939713038   -2.9406813399
  -2.0248876928   -1.5600709633    2.5642021330
  -0.2755323206    3.2214010504    2.4402112701
   1.5486554024   -3.1081123362    0.0111137935
   2.1285344853    1.7759085163   -2.9521014351
   2.4822896867   -3.1637080400    3.2995767147
  -2.4528285586    0.1642335972   -0.4886129383
  -1.9362891597    0.4516741132    1.9243712847
  -2.2752098271   -3.3409799184    1.4960525054
   3.3695369036   -2.4256155172   -0.3553377115
   3.4819428319   -1.1655368071   -1.6504618581
   3.4035452169   -0.7131619783    1.0976245330
  -2.9624299924    2.4642013558   -3.4355761419
  -1.3877646853    2.7978380167    1.0574818752
  -2.4375522651    1.9924135325   -2.6643879809
  -3.4205287105    2.8369280162   -2.3440513674
   0.6200753055   -1.0712981465    1.1380274796
  -0.2322480155    3.3808870830    1.4089329273
  -2.1124250259   -1.7130512735   -3.2029066893
   0.3944655070    0.6090885436   -2.0863976373
   0.2124080794    2.0340018601    2.4812079009
   0.7056893542   -0.1746810366    2.4023371030
   1.1982594886    2.5067874729    2.5693473351
   1.7872368298    2.2379282820    1.5735090142
  -1.7027528585   -0.6071554203    1.9568430076
  -1.4812715014    3.2515759338    1.9863282607
  -1.6701804229    3.0457949505    3.1082728700
  -3.0371605222   -0.6099695978   -2.2996539792
  -1.2930502656   -1.0992403045    2.9994503817
  -1.1511981861    1.8538683985    3.3620230928
  -1.6215843527    2.9648783444   -0.6634715970
   1.1558179040    1.1722932388   -0.6348547067
   2.5465224835   -0.6357421409   -0.5843181339
   1.2098733654    0.1456955911    1.3465147045
  -2.5618444353    2.5364651233   -1.8434373476
  -2.1645118403   -1.4873216623    0.1445625952
  -1.5066845469    0.7662692008   -1.2087223697
  -2.4238709110   -0.4936110331    0.2542108798
   0.2521177007    1.4455790480    0.1944515209
  -3.3326192443    3.1311054304    1.0583807819
   1.0597671034    2.5763637482    0.6872864728
   2.6985184996    2.0437777819   -0.1584108998
   3.3699335657    1.5611856116   -0.8542498740
   0.0296107616    0.0867185879    3.2093776965
  -2.6590135549    0.7318450680   -2.4949851345
  -1.4552804855   -2.2157925838    2.1486150613
  -2.1142475133    0.9345775299   -3.4582219115
   2.7524437381    1.4994731188    3.1038260408
   1.5340868670   -3.3914967701   -1.0568436092
   3.1273508357   -2.9492610122    0.5814002905
   0.0892941575    1.1676337210   -1.1670931191
  -1.5538072621    2.3700121333   -1.7988007747
   3.2583409921   -0.1930420214   -1.3241812083
  -1.0219320157   -0.9374324638   -2.7395457632
   0.0901674684   -2.2814204489   -2.0945508689
  -0.9702408199   -1.4076606487   -1.8426594147
   2.7549758371   -2.0553455717    0.9741704466
  -2.6624832198   -0.8029424563   -3.3751938753
   2.3966871751   -0.2687664458    3.1326372173
   2.0913612804    3.0015314024    0.2138172820
  -1.2426322610    1.3539416456   -1.9838254202
  -1.0599266818    2.2052390821   -2.6140198401
  -1.4326039924   -1.3343632890    1.3083333240
   2.8690285743   -1.6042189779   -0.5151581382
   0.8373007037   -2.2181812861    0.9599499224
   1.4123639707   -0.2678547836    0.2657386817
   1.3520727964   -1.3031929172    0.3459839942
  -0.9671057054   -3.1003392206    0.6919275041
  -0.9408169975    0.2030888112    2.6666680459
  -1.5537063833    1.3138910541    2.4755942711
   2.6104159866   -2.9733982750   -2.5561733641
  -1.6945635184    1.7310172932    1.3639584086
   0.4579896992   -1.0975114919   -3.3865187767
  -0.9362577031   -0.0931898236    1.3915723367
  -1.7105569177    0.4811163239   -2.3381335956
   1.2184524856   -2.1499498808   -1.2721339644
  -2.8506127779    1.4959172074   -1.7419027353
   2.0089213025    2.6278003211   -1.4193216868
   2.4312959413    1.0643815537   -0.0656018956
   3.2136239687    2.6023099890   -0.9429481587
  -1.7354430596   -2.6935225413   -2.8123130702
  -1.2665752762    0.8012447693    0.8934347431
  -0.1415444592    2.6047751714    0.6058366961
  -0.0647794457   -2.5712062176    0.6345081903
  -1.1082897476   -2.3803166087   -1.2360309083
  -2.7737649953   -0.4654304033   -1.2188924890
  -0.8808753674    2.3256756340    2.5111723305
  -1.0093936080    1.7196517602    0.4676015881
   3.0533309570    2.1005430838   -3.0349181749
   0.6576315540   -1.3950757751   -2.4469254189
  -2.7620641448   -2.4738361442   -3.4061309389
   2.7349313858   -1.8553035224   -2.1775094568
   1.6389195826   -0.8863795334    1.4740795234
   1.4731581162    3.3007509282    1.1979976552
   1.1261435180   -3.1447798076    3.4819793097
   0.8429733778   -3.3175131929    2.4853348130
   3.0778949211    2.9368998627    2.7356744201
  -1.9272344177   -0.5059487198   -2.6280917746
   3.1814532545   -0.0673358389   -2.6706575557
  -2.7089337665    2.7180441314   -0.5406958795
  -2.4794617548   -2.4634318361    2.2059196413
  -1.0890519447   -1.7393267440   -0.3036758535
   1.7092331810   -1.4330943165   -0.6252436175
   2.9085609304    0.8477324774   -2.9802057085
   2.2120878310    2.0537605287    2.3922823813
  -3.4311881563   -1.5488223918    1.7188635828
   1.5246809853    0.6939335059   -1.5162711536
  -2.2998241814    3.1568803536    0.4747423417
   1.8602549097   -1.2423886488    2.8354853350
  -0.1447122012    0.3309587974    1.9835330746
   0.6942950716    2.1462228345   -0.9302037728
   1.2135502388   -0.4133562313    3.3562414525
  -1.3441175971    3.3422563764   -2.6242605835
  -2.8854865853    0.2982343045    1.9298905260
   2.1171551985    2.8981469928   -3.3210222650
   2.3012663090   -0.7902029621   -1.8135009968
   1.8727358897   -2.3056549253   -3.2682132030
  -3.4448007625   -0.0702580088    3.0767105030
   2.4347520023    3.0344173092   -2.3191850536
  -2.5704967424    2.4581612374    1.2753692202
  -2.6675777061   -3.3324176295    2.9248254811
   2.2976496719    0.1969331777   -1.9779814668
  -0.7174035138   -1.8437517264    0.7694718994
  -0.0718131894   -2.9603445157    3.3435202337
   0.2258378204   -2.4838061462    2.4468290240
   0.3269064343   -0.5444842843    0.3584937427
   3.0615899062    1.1794972846    2.0025327253
  -3.1111187162    0.9857836119   -0.2658288467
  -0.1032447741   -0.6584513723   -2.0249559664
   2.5926765827    3.0096905153    1.3403908540
   1.9383882226   -0.0519758592   -2.9428752219
   1.5451120090    1.6626298081    0.3815467334
   3.0281423573   -1.0512248030    2.7532181474
   2.9531670712   -2.2661994046   -3.2299617891
   0.1267753011    1.6775475937   -2.4096789308
  -1.6435638526   -2.3058722455    1.0748636776
   1.4953670769    1.2654930590    2.3116851314
   2.6088306324   -3.3094700295   -1.4613251709
   2.5365128415   -0.7190632169    0.4182510707
   3.1308112039    0.1615978818    0.0634836826
  -0.2523461266    1.0480539036    2.7867230329
  -1.0524763795   -3.1108554121    2.8610404923
  -0.8796899055   -0.8486878154    0.4754849938
   0.7125110753    0.6381358291   -3.0929344093
   2.2149397796    1.2744875806    1.0475724153
   1.0874970491    1.9575523788   -2.9273602659
  -0.6688979910   -3.4044135291   -1.5703799871
  -0.6436037680    1.1059978534   -0.4868129420
   0.5274827819   -3.3410725309   -2.0845855830
   2.8193147040    2.2195794118   -1.8262334899
  -0.2637340418   -2.6147322373   -0.4827343240
  -3.2049889640   -2.9068240042    1.5803105425
  -0.6686759967    1.3264996672    1.8446433431
   0.9933987196   -2.6900988967   -2.6573565695
  -0.7552848339    2.9334424262   -3.4167135599
  -0.4690584727    2.4275677930    1.5431477092
  -0.1351912809   -1.4355232823   -0.0904103176
  -3.4380954391   -2.6725434574   -2.4247125926
  -0.8711893538   -2.0935699305   -2.8101844514
  -0.6061098404    1.2188936705   -2.9627849669
  -1.7236907444    2.3506303806    0.2094380578
   1.1339007907    2.6410540141   -2.0274836737
   0.2231622699   -1.7183631004   -1.2679193578
   2.6618731788   -3.1665907123   -0.3526753885
   0.7603302183    1.5016131468    3.2580261926
  -3.1314950367    0.4060468723    0.8784813726
   1.7560981556   -2.9304429407   -1.9517348884
   2.4316144754    0.0660000525    0.9874112836
  -2.6032113899    1.2841465964    0.8010960815
   0.8829888832   -2.0161870976    3.3021430961
  -1.8214893911    2.1937764534    2.2035176215
   0.3237846183    1.5008444035    1.2634551462
  -2.7734121123   -0.6938966666    2.4495462832
  -1.5638484908   -2.6600651711   -0.1244600597
  -2.6929003436   -2.1906374679   -0.8459982660
   0.5206165938   -3.3391825883   -0.0429304539
  -2.8525621852    0.5965387390   -1.3912366248
  -0.1274167194    2.0694652119   -3.4276100215
   2.9976030633   -1.1648378076   -3.1371399470
  -1.9797927124    1.0597990790   -0.0308662712
   1.6686687780   -1.8577355769   -2.3685638370
  -0.4966428279   -0.9365576522    1.8245221977
   0.6584844290   -2.0435485315   -0.2723645877
   3.2183241785    1.1788610608    0.5144056308
   1.3183603381   -2.0820394450    2.2162002347
  -0.3428425653   -0.0404529422   -0.2838048217
  -2.0553016778   -0.1645377155    3.0182942287
  -1.5146511974   -2.2751745472    3.1461396377
   0.7122860615   -1.0265075674   -0.5183693282
   2.7552084187   -2.6649726792    1.8315132113
   2.2723655965   -2.3926008253   -0.9940690221
   1.9047477366    0.7603379759    3.3035380023
   0.5138072449   -1.1990509804    2.3029517845
   0.6007169771   -3.1079029163    1.3831765971
  -0.6665915680    0.1357169922   -2.2812489623
   3.3415753236    3.1390918433    0.0267055062
   2.2690241335   -2.3509581098    2.6700162814
   0.4645979993   -0.2620163485   -2.7732059832
   2.1592750822    1.5197082701   -1.0393887254
  -2.5504218282   -1.5630951876    1.2699815199
   1.6083111759   -1.2483259662   -3.1749698759
   1.6681053324    0.9296381883   -2.5576123131
   0.5239637606    3.3054599488   -1.1206211989
   2.4677167124    0.4467802777   -1.0059150508
  -0.1324421331    2.8120043572   -2.6088066042
  -0.0781809969    2.3273725677   -1.6169366121
   3.2190511021    1.0063519004   -1.7037607621
  -3.3880268745   -2.4213087822    2.6811841941
   0.9649738796    0.6232787608    0.4839644154
  -2.6418309107   -2.3320991539    0.5947385260
  -2.9072632367    1.4174444895    1.8362426404
  -2.3434919374   -0.2385037787    1.2560054017
  -3.3343342328    2.0109624100    2.6481251030
   1.3346816703    2.6976819750   -0.3955082849
  -0.5788454684   -2.5903729604    1.5045625678
  -2.8059141164   -3.2344449983   -0.3725686801
   2.6932171170    2.2114520637    0.8413179047
   0.3533921099   -0.2562485218   -1.3162144542
  -2.6002093102    2.7886526694    2.2399499339
  -2.1761094192    1.8613341758   -0.8269732522
