            256
     6.98864372
  -3.1869024934   -2.8360779867   -1.3555369316
   3.1855259992   -0.9066415833   -2.9954408361
   2.9238202063   -1.9848679472    3.3620395693
  -1.8171362987   -2.5391591514   -3.0907187960
  -1.9852098679   -3.2182931311   -1.1010580729
  -2.2515019694   -0.7216664631   -0.7472492236
  -2.9653789879    3.2854652509   -0.6977328156
  -1.1780032866    2.3131790834   -0.2303302412
   3.1571758009   -3.4744193630    0.4677507457
  -1.8396036108    3.4754824873    0.5050601057
  -2.2487807308   -1.1679277428    1.2992216455
  -3.0896320568   -2.0043665255    1.5015320361
  -2.0376214009   -3.4007041028    3.1147351760
   1.8531517821   -0.1943193625    3.4569818509
  -0.8725059074   -1.4042870719    1.7117835043
  -2.1386654198   -1.4533408114   -3.4179092654
  -2.8226723775   -1.7494834775   -1.1548064482
   3.0233173576    0.5343005599   -2.8522603708
  -0.6281855886   -1.3272244254   -2.0867420319
  -1.5461236802   -0.7721576783   -2.8443625388
  -2.3950717588   -0.2051040210   -1.8407697418
   2.6808445377   -0.0161605310   -0.1773311806
   3.3563943043   -2.4111921251   -0.1244053852
  -1.6944490647   -2.5986634837    0.1897549028
  -2.7034538401   -2.3843077095    0.6958359292
  -1.3123355578    0.3093068792    1.2718154811
   3.0102950876   -1.0180804861    0.0966024629
  -2.1460304578   -0.2515504226    0.5881720181
  -3.2133520995   -1.0516076533    3.0345744302
  -2.5128741494   -1.4069551002   -2.2645157680
  -2.3756475994   -0.3423037764    3.0265659887
  -2.6574090532   -0.5586663063   -2.9925408879
  -2.5794182877    0.7264662268   -3.4061930545
   3.4642153450    1.2116997359   -3.4691395824
  -2.9050116906    0.3005709003   -2.6064911435
  -2.9781934581    0.6251636837   -1.1615496526
  -1.4567842471    0.6558627664   -2.5272915929
   3.4201063919    1.2878386185   -0.2490094951
  -2.5530347751    1.5126888804   -2.3275993503
  -3.0718761244    2.2453878115   -0.7255936453
  -3.4120086569    0.4210551153    0.8557227515
  -3.4402052998    0.2112782777    3.3057471323
  -2.0393406415    0.2976330368   -0.5674128190
  -2.4727806188    0.5000823669    1.4128800162
  -2.1206857047    2.5309160684    2.9911779695
  -3.2708613819    2.0283112781    2.8174370565
  -3.4936116577    0.8972600780    2.4243227518
   2.5960216641   -0.7276900065    2.7664868642
   1.8804555569    2.5222354065   -2.9186919338
  -1.1175054702    2.7052823422   -2.3271516216
  -2.6581545603    1.8289308637   -3.4040670874
  -3.1785959432    2.7916552330   -1.8162314771
  -2.0523627676    1.5324425354   -0.2658910128
  -2.2647474214    2.7682254490   -0.0737596915
  -1.8987589127    2.2076231167   -1.2017828032
  -0.4502503606    2.1860995405   -1.4769188582
  -3.1739762532    1.4688099433    1.5338179879
  -2.7933768984   -2.9817586750    2.5615149699
  -2.2440531487   -2.6500096912    1.5245711944
  -2.7640739137    1.6944929218    0.4328918173
   2.7735087789    1.6816943644    2.1975209553
  -3.2774362637    3.0497253535    3.0982922043
  -2.6998213946    2.4501907452    2.0917159833
  -1.6905669185    3.3227981714   -2.9020863822
  -2.0547628338    3.0922444258    1.4284751291
  -1.4735012488   -1.7827545299   -2.5786608877
   0.2412166117   -2.0677833406    2.8693504014
  -1.0703058744   -3.1230909676   -2.0824847257
  -2.2275687888   -2.6856963423   -1.9801386477
  -1.7328604414   -1.8873701652    0.8987296027
   0.0664992526   -2.4733731332   -2.0637714647
  -0.2553244487    3.0975270000   -0.2745042974
  -2.8020494744    3.4841052918    0.3677973416
  -0.4778844210   -1.4945872894    0.7436874137
  -1.2238351538   -0.7951346857    0.8503033314
  -0.6727660369   -2.9183392044    0.0430529752
  -0.8955302898   -2.6947339423    1.0430390929
  -1.7608027725   -1.9809816672    2.7875269126
  -1.4135561985   -1.1874385145   -0.2587657673
  -1.5491668248   -3.0526026926    2.0337228569
  -1.2689604217   -0.9577133662    3.2242363121
   0.1274210578   -0.4120496394   -2.1893882797
  -0.5182702988   -0.2866169720    3.4462470197
   0.2638428943   -2.9358122154   -3.0696559250
  -1.1423262429   -2.7502295041   -1.1138139472
  -1.5971026888   -1.7780662918   -1.3110277650
   0.0491410257   -0.8546152933   -1.1993324998
  -0.0287245615   -2.4964849642   -1.0272179677
  -0.6268866728   -1.9177581838   -0.5288715227
  -2.1669169469    0.8608687485    0.5092966775
   0.5377245135   -0.3296460694   -0.0028813358
  -0.4995222497   -0.5361225621   -0.0582350309
  -0.0280360613    0.8051478923    0.6425728334
  -1.7538794435   -0.7419068812    2.2840326046
  -0.1368614334   -0.9826830559    2.8049636876
   1.1410020170   -1.5263314993    2.5544110182
  -0.6747509049    1.5826615986    2.5598321958
  -1.4199689189    0.1539304801    3.4460783439
  -1.3761551678    2.5426909240    2.0189508552
  -1.1945348130    0.7400113864   -1.3832299494
  -1.5816097183   -0.8973796917   -1.7091687835
  -0.9725369801    1.2822669481   -0.2822007836
   0.3834384257    1.0479161234   -0.2937888175
  -0.8981517461   -0.4818965405   -1.1288919839
  -2.8405471702   -1.5150174400    0.1173265669
  -1.2829381647    1.4834756635    1.7971005320
  -1.2474997721    1.7208043407    0.7078946775
  -0.9835059252    0.2566148555    0.3277588430
  -0.4314310746    0.5300201873    2.6955550689
  -1.4861458314    1.1641779710    3.0179252642
  -1.7485353508    0.6741593048    2.1561765362
   1.0890723300    2.5920223868    3.2249891053
   0.0050028179    2.1426923631   -2.5404962620
  -0.2449704960   -3.3837601496   -1.3822060077
  -0.6101821038   -2.2420627238   -2.9020498135
  -0.1441165799    1.9066864255    3.3211168861
  -0.6886789291    0.9545110180   -3.2750050763
  -1.1544135510    3.0029625672   -1.3271654333
   0.2802279030    2.8100206152   -1.3861601745
   0.4942126651    2.1318977430   -0.4963388212
  -1.3257064927    3.4144511194   -0.3488191327
  -2.1158068273    1.9243818744    1.3210571824
  -0.2168075003    2.1342014754    0.3997381932
   0.6740540174    1.7305753312    0.6670187663
  -0.7075247634    3.3513133963    1.8018244750
  -0.7824610491   -2.5405726961    3.1392099062
   0.0695825893   -2.8477151405    1.7350934754
  -1.1004080369    2.8179417933    0.9496392963
   2.3210001415    3.3788868798    2.2863156539
   1.2359962855   -2.9011749359   -2.2866164367
   0.7344983310   -2.0634968628   -2.9218002590
   0.1826500522   -2.3249197221    0.2405990726
   0.5726189645   -3.4773588923   -0.7490725703
   0.4071975586   -1.4088168639   -2.1023673210
   1.4426228824   -1.7933512972   -1.9452468192
   1.4903672610   -2.8186766181    0.1072112909
   0.5151921852   -0.8998422058    0.8470364499
   0.2908689875   -1.8437649182    1.5825798278
   1.2925503805   -1.9116463318    0.1529248564
   2.3873443180   -2.1609587523    0.1789345397
   0.8485634645   -2.7921525011    1.0083849683
   1.1783317307   -2.6030265386    2.1595915706
   2.0664095854   -3.0312967436    1.1249065985
  -2.7302562006    2.7419897410   -2.8505347449
  -0.2474005580   -1.3173971848   -3.0453591519
   0.7483785421   -0.5416639666    3.2583004971
   0.8310826535    0.1846462648   -1.4351244322
   1.2977927774   -0.7628347595   -1.7577758132
   0.1401785847   -1.3702604220   -0.1084339093
   1.1882578858   -0.6756231662   -0.7336729694
   1.0862486514   -0.0049988586   -2.7671368726
   2.2972637383   -0.9183763498   -1.7419978441
   1.6882225647   -0.6685429201    0.4148212482
  -0.3035587110   -0.3134494436    1.1839748266
   2.6447445583    0.9153271813    0.5692189259
   1.5599350864   -1.7216707493    1.4722330985
  -0.8054035273   -1.7352864642    2.5920067870
   1.0465651927    0.6362990706    2.9127835829
   0.9462091949   -0.6459940836    1.6990161276
   2.0006941556   -1.5894077766    3.1589991639
   0.0387450323    0.2161112571   -2.9721170667
  -0.3748335168    0.5892357657   -1.9927048807
   2.3522819500    1.4512095639   -2.6640468437
   1.3078714373    0.8707325988   -0.8584895802
  -0.0256278611    0.1040158782   -0.6965205148
   1.1322492566    2.2001986411    1.4720507364
  -0.3031226868    1.2217429084   -1.1823699068
   1.4685187169    0.9201316813    0.5982726793
  -0.2824200717    0.6864863681    1.6672286374
  -1.4153927211    2.1301010794   -3.2527137911
   1.6439072209    2.2564394681    0.3766122657
   0.6443490839    0.1286075861    1.0295525874
  -0.7632765734   -0.3900461530    2.1044291481
   0.5302534260    1.2671606162   -2.4797509094
   1.9405596564    0.1323553286    1.4255083615
   1.6133421873    2.2486510016    2.4226250185
  -1.4910667629    1.6162737542   -2.0225727232
  -0.5690781118    3.2262236350   -3.1231847657
   1.1427269443    3.3281286273   -1.6599876947
   0.6564376492    1.4595355157   -1.3754776625
   1.0803182703    2.2810892749   -2.0546113662
   0.0939582056   -3.3728722334    0.6864085758
   0.7945080327    3.0908525494    0.1389404261
   2.1191984124    3.1570602867    0.1219358481
  -0.1730794693    1.7478777349    1.6554073045
  -0.1610634416    2.8136837118    2.6897914317
   1.1355477407   -2.6910826185   -1.1018068384
   2.0820296115    2.8167678694    1.3362080787
   1.5981033568    1.5623645720    3.2596692227
   0.8070836728   -3.0210479316    3.1478623733
   0.4198408777    1.4322025784    2.6043718841
  -1.1597630551    3.2857896225    2.7711533847
   1.5485880415    3.4529046883   -3.4115791900
   2.3043878160   -1.5091325039   -2.7983395962
   3.0260822896   -2.6329120497   -2.7896053454
   3.4861144746   -1.7773077516   -2.0246015771
   0.8566041993   -1.6158180069   -1.0226301746
  -2.5751011217   -2.6094693286   -0.3932211794
   3.0262709927   -1.5787750381   -1.1128473662
   2.9577310555   -3.3569496564   -1.5830163223
   2.6805740714   -2.6660313897   -0.7834220936
   3.0720987401   -2.9373839125    1.9506136932
   1.9615343824   -1.8743760519   -0.7899139764
  -2.8936850273    2.6550532206    0.9075921104
   0.3263333969    2.7395652174    1.7864643767
   3.1788253455   -3.0443262256    3.0102149998
  -3.1548560573   -2.1263957597   -3.2548301221
   3.1968840792    2.8233046800    2.1183202892
   1.6060269265   -2.3832289072   -3.2588447807
   2.8789861037    0.7628071963   -1.7226029134
  -2.6016773259   -1.4948171875    2.2324531285
   1.3102043198   -0.9300683773   -2.9996515407
  -3.1848251401   -0.6460758082   -1.1310011779
   2.2232241040   -0.8852786506   -0.6561721721
   1.4300861967    0.1756609588   -0.1534520844
   2.8156984188   -1.6026931788    1.5108006082
   2.0594663529   -0.8723048685    1.6235434293
   0.2573160270   -0.1370709532    2.2432656463
   3.0466992114   -2.4950548137    0.8369181020
  -3.0699941097   -3.4059913722    1.4697592173
   3.4500744395   -1.9294146849    2.4596573399
   1.6963338597    0.7513259487   -2.9915054168
  -2.8110824091   -0.5948238931    1.8751750383
   2.3684596587   -2.1287670382    2.2186072067
   1.8330430707    0.7036888241   -1.8614043411
   3.0301086635    2.8647432204   -2.5681399794
   2.7629137940    1.9933326183   -3.4794530416
   3.0790872755   -0.5144176028    1.9397557275
   2.1199356860    0.1859369085   -1.0076427947
   2.4834722572    2.1751360849   -0.2383001405
  -2.1308295442    2.9358866901   -2.0039995575
  -3.1021508322    0.3542058420   -0.0603040402
   2.6707474814   -0.1936464975    0.8782502885
   1.6809628256   -0.2640784203    2.3997236588
   2.7689122956    0.7455634139    1.6678976367
  -3.0818744907   -0.5141204384    0.6528210602
   2.5687139025    0.6962910689    3.0845338538
   1.9305922076    0.9542919492    2.4119661999
   2.0533542833    1.5777441450    1.3459625570
   2.1726786938   -0.2061572788   -2.5209479641
   2.1620769494   -3.2912200288   -2.5150996777
   2.2759634842   -2.3882910618   -1.7109151229
  -2.9182652321   -3.2704966935   -2.5273139873
   3.3509598142    1.8665212074   -2.5152119539
   2.3024416213    1.2318509061   -0.8403598762
   1.7816517518    3.4747871404   -0.7617413750
   2.3311872185    2.8165400208   -1.8928028138
   1.6082958469    2.0267064482   -1.1603824872
   3.3767079488    2.5658983618    0.1510512697
   1.2029930498    3.1998850546    1.1348358838
  -3.3345931835    1.6798646498   -1.5109663038
   3.0808424652    2.3073764459    1.0562208619
   1.0005572377    0.9943077494    1.5852209387
  -0.0000032921    3.1430608948   -2.3042741624
   2.6680845867    3.1442739424    3.4405721074
   1.2255279965    3.4119425814    2.3145909721
